MeshAnim
1
1
52
30
1 5.119893E-05 1.520192E-06 0
-5.119893E-05 1 2.893051E-07 0
-1.520177E-06 -2.893829E-07 1 0
-5.563255E-06 2.764411 0.0216769 1

1 5.749098E-08 -1.98753E-08 0
-5.847984E-08 0.9985413 -0.0539925 0
1.674179E-08 0.0539925 0.9985414 0
-1.680665E-05 2.984364 0.009783814 1

-0.9977953 0.0226297 -0.06239047 0
-0.03017359 -0.991978 0.1227575 0
-0.059112 0.1243694 0.9904736 0
-0.2087978 2.641995 0.002108805 1

-0.9979967 -0.02109471 0.05964671 0
0.03005061 -0.987693 0.1534922 0
0.05567475 0.1549771 0.986348 0
0.2087993 2.642016 -0.0002503525 1

1 5.749098E-08 -1.98753E-08 0
-5.847984E-08 0.9985413 -0.0539925 0
1.674179E-08 0.0539925 0.9985414 0
-1.682155E-05 3.240975 -0.004091511 1

-0.9980318 -0.01904226 -0.05975082 0
0.02968435 -0.982733 -0.1826329 0
-0.05524135 -0.1840471 0.981364 0
-0.2445514 1.466572 0.1475678 1

-0.9983133 0.0182641 0.05511057 0
-0.02947563 -0.9772405 -0.2100775 0
0.0500194 -0.2113476 0.9761302 0
0.2445311 1.467596 0.1822602 1

1 5.749098E-08 -1.98753E-08 0
-5.847984E-08 0.9985413 -0.0539925 0
1.674179E-08 0.0539925 0.9985414 0
-1.683831E-05 3.534245 -0.01994904 1

-0.9653262 0.1182283 -0.2327388 0
-0.2538763 -0.6327142 0.7315872 0
-0.06076286 0.7653072 0.6407909 0
-0.2088013 0.2830255 -0.07238457 1

-0.9660227 -0.1243292 0.2265893 0
0.2532012 -0.6311625 0.73316 0
0.05186148 0.765622 0.6411973 0
0.2088019 0.2830241 -0.07238715 1

-0.02363183 -0.06242909 -0.9977697 0
0.9854294 -0.1696086 -0.01272722 0
-0.1684357 -0.9835322 0.06552752 0
0.1274021 3.80524 -0.03954471 1

0.003466504 0.05478919 0.9984919 0
-0.9854338 -0.169583 0.01272651 0
0.1700244 -0.9839917 0.05340324 0
-0.1274358 3.80524 -0.03603279 1

1 5.749098E-08 -1.98753E-08 0
-5.749098E-08 1 3.606307E-08 0
1.987451E-08 -3.225906E-08 1 0
-1.685787E-05 3.864174 -0.03778875 1

-0.9602341 0.07401948 -0.2692057 0
-0.2698631 0.001160566 0.9628982 0
0.07158563 0.9972565 0.01886074 0
-0.3217385 0.001562357 0.2530627 1

-0.9605488 -0.07389682 0.2681149 0
0.2687759 0.001036176 0.9632022 0
-0.07145537 0.9972658 0.01886634 0
0.3217322 0.001519203 0.2546097 1

-7.302227E-07 0.04457051 -0.9990064 0
1 -4.092301E-06 -7.393655E-07 0
-4.043835E-06 -0.9990064 -0.04457058 0
0.3993125 3.75844 -0.0430565 1

-5.185458E-06 -0.1084133 0.9941059 0
-1 3.277784E-05 -1.63456E-06 0
-3.250398E-05 -0.9941059 -0.1084134 0
-0.3993474 3.758447 -0.03252111 1

1 5.749098E-08 -1.98753E-08 0
-5.749098E-08 1 3.606307E-08 0
1.987451E-08 -3.225906E-08 1 0
-1.68616E-05 3.964411 0.06340276 1

-3.074954E-06 -0.1191548 0.9928756 0
-1 1.413687E-05 -1.388387E-06 0
-1.395751E-05 -0.9928756 -0.1191548 0
-1.125102 3.758471 -0.0325223 1

-1.62112E-06 0.05434725 -0.9985223 0
1 -9.747528E-07 -1.502988E-06 0
-9.946707E-07 -0.9985221 -0.05434734 0
1.121593 3.758437 -0.04305696 1

-0.1118868 -0.0318129 -0.9932117 0
0.9855669 -0.1313315 -0.1068189 0
-0.1270417 -0.990828 0.04604791 0
1.875466 3.758436 -0.04305808 1

-0.1224957 0.004944649 0.9924567 0
-0.9889938 -0.08422004 -0.1216487 0
0.08298317 -0.9964349 0.01520681 0
-1.881817 3.758481 -0.03252318 1

0.170958 -0.1772959 -0.9691954 0
0.8332422 -0.4989437 0.2382495 0
-0.5258145 -0.848305 0.06243188 0
1.907762 3.717205 -0.01696652 1

0.01668476 -0.0441032 -0.9988878 0
0.9998609 0.0007338283 0.01666879 0
-2.059898E-06 -0.9990268 0.04410924 0
2.053074 3.744374 -0.0866455 1

0.005581441 -0.06561294 -0.9978295 0
0.9999846 0.0003631112 0.005569777 0
-2.995651E-06 -0.9978451 0.06561387 0
2.029008 3.746661 -0.1341831 1

0.02896528 -0.03477715 -0.9989753 0
0.9995806 0.001004841 0.02894801 0
-2.855553E-06 -0.9993947 0.03479159 0
2.04842 3.741848 0.01644587 1

0.01956035 -0.03457755 -0.9992107 0
0.9998088 0.000674235 0.01954891 0
-2.17121E-06 -0.9994018 0.03458405 0
2.05105 3.758436 -0.04305802 1

0.2215835 0.2082817 0.9526382 0
-0.8210768 -0.4871652 0.2974944 0
0.5260547 -0.8481089 0.06306752 0
-1.918399 3.71314 -0.01347678 1

0.004096053 0.02501737 0.9996786 0
-0.9999917 0.0001246895 0.004094201 0
-2.231782E-05 -0.9996869 0.02501765 0
-2.0682 3.758486 -0.03252358 1

0.00119144 0.03268197 0.999465 0
-0.9999993 6.162025E-05 0.001190054 0
-2.277803E-05 -0.9994657 0.03268201 0
-2.060133 3.760899 -0.07711664 1

0.0008011043 0.03052186 0.9995338 0
-0.9999996 4.814207E-05 0.0008000077 0
-2.377095E-05 -0.999534 0.03052188 0
-2.047148 3.75214 -0.1298578 1

0.0052558 0.009136845 0.9999444 0
-0.9999863 7.043497E-05 0.005255384 0
-2.25151E-05 -0.9999583 0.009137069 0
-2.059891 3.752549 0.02205593 1

0.3656207 -0.3483177 -0.8631317 0
0.7614055 -0.4214345 0.4926002 0
-0.5353348 -0.8372981 0.1111258 0
1.944021 3.696271 0.003967906 1

-0.01490978 -0.03257349 -0.9993582 0
0.9998889 -0.0004887902 -0.01490162 0
-2.997503E-06 -0.9994693 0.0325771 0
2.112352 3.741848 0.0164457 1

-0.01137668 -0.03357001 -0.9993718 0
0.9999354 -0.0003838582 -0.01137003 0
-1.85289E-06 -0.9994362 0.03357213 0
2.125167 3.758436 -0.04305824 1

-0.004286465 -0.04278293 -0.9990754 0
0.9999909 -0.0001861987 -0.004282238 0
-2.759368E-06 -0.9990846 0.04278325 0
2.124686 3.744373 -0.08664566 1

-0.005603252 -0.06561308 -0.9978296 0
0.9999846 -0.0003702582 -0.005590848 0
-2.529313E-06 -0.9978451 0.06561405 0
2.091871 3.74666 -0.1341833 1

0.3413206 0.3316568 0.8794909 0
-0.7732358 -0.4329233 0.4633398 0
0.5344219 -0.8382012 0.1086833 0
-1.956382 3.691211 0.008451279 1

-0.0008330808 0.008899898 0.9999601 0
-0.9999997 1.527746E-05 -0.0008332315 0
-2.277034E-05 -0.9999605 0.008899854 0
-2.122853 3.75255 0.02205583 1

-0.0006409942 0.03049508 0.9995347 0
-0.9999999 4.133293E-06 -0.0006414236 0
-2.375961E-05 -0.999535 0.03049507 0
-2.107095 3.752141 -0.1298582 1

8.843333E-05 0.0326097 0.9994681 0
-1 2.622872E-05 8.761451E-05 0
-2.34608E-05 -0.9994681 0.03260973 0
-2.132321 3.7609 -0.07711659 1

-0.000968584 0.0246254 0.9996964 0
-0.9999996 -1.447028E-06 -0.0009688569 0
-2.251517E-05 -0.9996967 0.02462537 0
-2.142656 3.758487 -0.0325235 1

0.3678369 -0.418592 -0.8303475 0
0.7517274 -0.3917588 0.5305011 0
-0.5473594 -0.8193325 0.1705637 0
2.001853 3.66372 0.03730604 1

-0.01790569 -0.03292299 -0.9992976 0
0.9998397 -0.0005933897 -0.0178957 0
-3.730799E-06 -0.9994578 0.03292827 0
2.170449 3.741848 0.01644587 1

-0.0103338 -0.03347209 -0.9993864 0
0.9999467 -0.0003478216 -0.01032775 0
-1.835956E-06 -0.9994396 0.03347384 0
2.194271 3.758436 -0.04305844 1

-0.001197337 -0.06527362 -0.9978668 0
0.9999995 -8.016673E-05 -0.001194491 0
-1.917183E-06 -0.9978674 0.06527359 0
2.145246 3.74666 -0.1341835 1

0.3736724 0.4132808 0.8304024 0
-0.7504945 -0.3913985 0.5325086 0
0.5450937 -0.8221959 0.1639101 0
-2.012495 3.659628 0.04079666 1

-0.005175365 0.009071385 0.9999455 0
-0.9999867 -2.470749E-05 -0.005175337 0
-2.232537E-05 -0.9999589 0.009071366 0
-2.181638 3.752552 0.0220554 1

-0.001587188 0.03271609 0.9994634 0
-0.9999989 -2.902766E-05 -0.001587081 0
-2.295798E-05 -0.9994647 0.03271607 0
-2.201012 3.760902 -0.07711678 1

-0.0004317309 0.03048517 0.9995352 0
-1 1.096894E-05 -0.0004322659 0
-2.424105E-05 -0.9995353 0.03048514 0
-2.153848 3.752143 -0.1298582 1

-0.003909018 0.02498176 0.9996801 0
-0.9999924 -7.484465E-05 -0.003908385 0
-2.287413E-05 -0.9996879 0.02498183 0
-2.208796 3.758489 -0.03252329 1

-0.01495182 -0.04377848 -0.9989294 0
0.9998882 -0.0006570166 -0.01493719 0
-2.329607E-06 -0.999041 0.04378334 0
2.192819 3.744373 -0.08664607 1

