MeshAnim
1
1
100
30
-0.02283549 -0.962879 -0.2689654 0
-0.3253504 0.261548 -0.9087022 0
0.9453177 0.06675733 -0.3192457 0
3.395667 1.068572 -0.1940434 1

-0.441725 0.847081 -0.29552 0
0.4193309 0.486144 0.7666975 0
0.7931207 0.2147489 -0.5699496 0
3.494075 1.044815 -0.237146 1

-0.1838712 -0.7918485 0.5823794 0
-0.09936777 -0.5744719 -0.8124698 0
0.9779146 -0.2072598 0.02694464 0
3.295177 1.03077 -0.1699779 1

0.9453176 0.06675731 -0.3192456 0
0.08468162 0.8950221 0.4379081 0
0.3149654 -0.4409965 0.8404273 0
3.395667 1.068572 -0.1940434 1

-0.01664826 -0.9901756 -0.1388307 0
-0.336669 0.1362934 -0.9317066 0
0.9414757 0.03122872 -0.3356308 0
3.406921 1.187503 -0.135849 1

-0.4416987 0.8470991 -0.2955061 0
0.4193407 0.4861172 0.7667089 0
0.7931299 0.2147368 -0.5699413 0
3.494075 1.044815 -0.237146 1

-0.1837489 -0.791884 0.5823684 0
-0.09936607 -0.5744576 -0.8124794 0
0.9779373 -0.2071603 0.02686957 0
3.295177 1.03077 -0.1699777 1

-0.183857 -0.7918689 0.5823551 0
-0.09935548 -0.5744494 -0.8124869 0
0.9779184 -0.207242 0.02694008 0
3.252248 0.8458583 -0.03399023 1

-0.02213453 0.9347777 0.3545406 0
0.7262709 -0.2286727 0.648258 0
0.6870518 0.2718417 -0.6738411 0
3.701344 0.6472913 -0.09846938 1

-0.4416988 0.8470991 -0.2955054 0
0.4193494 0.4861189 0.7667028 0
0.7931252 0.214732 -0.5699495 0
3.597703 0.8460677 -0.1678113 1

-0.221468 -0.9585271 -0.179374 0
0.1946273 0.1367936 -0.9712908 0
0.9555474 -0.2500213 0.1562602 0
3.209326 0.6609731 0.1019812 1

-0.09691851 -0.9529257 -0.2872935 0
-0.3494041 0.3028566 -0.8866755 0
0.9319458 0.01444627 -0.362309 0
3.411737 1.248713 -0.1166463 1

-0.221468 -0.9585267 -0.1793717 0
0.1946283 0.1367909 -0.9712905 0
0.9555467 -0.2500212 0.1562619 0
3.209325 0.6609729 0.1019813 1

-0.9555472 0.2500211 -0.1562602 0
-0.2277754 -0.9625218 -0.1471948 0
-0.1872061 -0.1050592 0.9766852 0
3.209325 0.6609729 0.1019813 1

-0.2214674 -0.9585255 -0.1793789 0
0.1936487 0.1370545 -0.9714492 0
0.9557461 -0.2498815 0.1552644 0
3.149949 0.4039895 0.05385065 1

0.2315033 0.9590207 0.16335 0
0.7879156 -0.2833239 0.5467316 0
0.570609 0.002136141 -0.8212188 0
3.713102 0.1485409 -0.2877053 1

0.1474099 -0.9546313 -0.2587381 0
0.3120317 0.2931219 -0.9037217 0
0.9385651 0.05248284 0.3410851 0
3.090573 0.1470061 0.005720407 1

-0.6870518 -0.2718417 0.6738411 0
0.03515524 -0.9387279 -0.3428581 0
0.7257568 -0.2118721 0.6545116 0
3.701344 0.6472912 -0.09846932 1

-0.0221312 0.9347759 0.3545442 0
0.7256077 -0.2289394 0.6489055 0
0.6877518 0.2716215 -0.6732152 0
3.707225 0.3979157 -0.1930853 1

-0.2737624 -0.7102655 -0.6485174 0
-0.2763117 0.7039324 -0.6543158 0
0.9212519 6.592274E-05 -0.3889655 0
3.432115 1.396776 -0.05832517 1

-0.02204989 0.9347389 0.3546465 0
0.7262588 -0.2288083 0.648223 0
0.6870667 0.2718588 -0.6738183 0
3.701344 0.6472912 -0.09846932 1

0.7874058 -0.1828643 0.5886856 0
-0.1223969 -0.9823501 -0.1414351 0
0.6041602 0.03931383 -0.7958919 0
3.868742 0.03668711 -0.1832644 1

0.6950248 0.001097389 -0.718984 0
0.6171194 -0.5140234 0.5957699 0
-0.3689214 -0.8577739 -0.3579361 0
3.560667 1.577227 0.1109437 1

-0.9605978 -0.02305821 -0.2769798 0
-0.267804 -0.1898544 0.9445807 0
-0.07436645 0.9815386 0.176199 0
3.041971 0.04719514 0.1620281 1

0.2686413 0.1820925 -0.9458701 0
-0.07324388 0.982985 0.1684356 0
0.9604504 0.02403019 0.2774085 0
3.041964 0.04719664 0.1620268 1

0.986096 -0.05170424 0.1579226 0
0.1635024 0.4715445 -0.8665512 0
-0.0296633 0.8803236 0.4734422 0
3.463749 1.57722 0.151863 1

-0.604214 -0.03968902 0.7958326 0
0.7873995 -0.1828728 0.5886912 0
0.1221719 0.9823335 0.1417452 0
3.868741 0.03668903 -0.1832614 1

-0.1907 0.03733261 -0.9809369 0
-0.07675123 0.995649 0.05281328 0
0.9786428 0.08535971 -0.1870056 0
3.524807 1.637307 0.1612548 1

-0.9212514 -6.592274E-05 0.3889653 0
0.2194574 -0.8257191 0.5196376 0
0.3211423 0.5640786 0.7607104 0
3.374422 1.378269 0.1092506 1

-0.9212514 -6.592274E-05 0.3889653 0
0.2194574 -0.8257191 0.5196376 0
0.3211423 0.5640786 0.7607104 0
3.592365 1.378376 0.01725793 1

0.9786427 0.08535969 -0.1870056 0
0.1907 -0.03733256 0.9809367 0
0.07675123 -0.9956488 -0.05281321 0
3.53486 1.635339 0.2129657 1

0.1184001 -0.6162819 -0.778572 0
-0.1022838 0.7723467 -0.6269091 0
0.987683 0.1538615 0.02840987 0
3.544913 1.633372 0.2646768 1

-0.7689129 -0.01828415 0.6390914 0
0.4375153 -0.7439389 0.5051063 0
0.4662098 0.6679948 0.5800239 0
3.88781 0.03207497 -0.2046495 1

0.177983 -0.9666529 -0.1841207 0
0.76362 0.01766447 0.6454219 0
-0.6206483 -0.2554729 0.7413012 0
3.705923 1.546 -0.01070008 1

-0.9972787 0.0145389 -0.07225943 0
-0.05634125 -0.7824468 0.6201589 0
-0.04752284 0.6225428 0.7811383 0
3.024292 0.0432993 0.1705204 1

-0.9934604 0.0136947 -0.1133423 0
-0.09124768 -0.6918979 0.7162023 0
-0.06861316 0.7218611 0.688624 0
3.035763 0.04299419 0.1838588 1

-0.9978258 -0.03465637 -0.05603808 0
-0.01399031 -0.7196544 0.6941879 0
-0.06438619 0.6934626 0.717606 0
3.013804 0.04068936 0.1562852 1

-0.991515 0.03686627 -0.124645 0
-0.1135596 -0.712252 0.6926733 0
-0.06324239 0.7009507 0.7103962 0
3.051164 0.0461608 0.1900009 1

-0.9836004 -0.04079831 -0.1756794 0
-0.1395005 -0.4452862 0.8844517 0
-0.1143123 0.894455 0.4322931 0
3.073016 0.04436278 0.1931672 1

0.4396918 0.8977302 0.0273505 0
0.2391616 -0.0876752 -0.9670117 0
-0.8657196 0.431729 -0.253253 0
3.273051 1.556561 0.1429758 1

-0.7579209 -0.06796796 0.6487947 0
0.4286398 -0.8016077 0.41676 0
0.491753 0.5939707 0.6366897 0
3.887822 0.03375633 -0.1871279 1

-0.6863834 -0.01598983 0.7270635 0
0.6466085 -0.4709655 0.6000721 0
0.332827 0.8820044 0.3336019 0
3.862691 0.03148425 -0.1406037 1

-0.730404 -0.06854361 0.6795663 0
0.5120069 -0.713463 0.4783473 0
0.4520581 0.6973292 0.5562114 0
3.88664 0.03252986 -0.1698832 1

-0.7217028 -0.09195574 0.6860672 0
0.5164835 -0.7314158 0.4452769 0
0.4608553 0.6757001 0.5753593 0
3.877993 0.03461221 -0.1558377 1

-0.921251 -6.602705E-05 0.388965 0
0.2194571 -0.8257184 0.5196371 0
0.3211419 0.5640783 0.7607099 0
3.379874 1.357759 0.1221583 1

-0.9212509 -6.594509E-05 0.3889651 0
0.2194572 -0.8257185 0.5196371 0
0.3211421 0.5640783 0.76071 0
3.597817 1.357865 0.03016555 1

-0.0140817 -0.8082036 -0.5887301 0
0.08335102 -0.5876878 0.8047793 0
-0.9964195 -0.03773885 0.07564083 0
3.544913 1.633371 0.264676 1

0.1779828 -0.9666523 -0.1841205 0
0.1628658 -0.1555904 0.9743011 0
-0.9704608 -0.2033962 0.1297432 0
3.705923 1.546 -0.0107002 1

0.06680289 -0.2050643 0.9764643 0
0.327563 0.9289151 0.1726685 0
-0.9424634 0.3083192 0.1292264 0
3.760247 1.250975 -0.06689602 1

-0.5471364 0.4022398 -0.7340576 0
-0.04727242 -0.8904145 -0.4526833 0
-0.8357053 -0.2129791 0.5061942 0
3.134646 1.273977 0.1343684 1

0.4396901 0.8977304 0.02735008 0
-0.5275261 0.2827775 -0.8010928 0
-0.7269014 0.337805 0.5979118 0
3.273051 1.556561 0.1429755 1

-0.08335166 0.5876508 -0.8048055 0
-0.01393529 -0.808224 -0.5887038 0
-0.9964213 -0.03785452 0.07555662 0
3.547715 1.629278 0.2995564 1

-0.7911029 0.5854874 0.1770777 0
0.06680141 -0.2050651 0.9764637 0
0.6080213 0.7843131 0.1231157 0
3.760245 1.250975 -0.06689599 1

-0.6206473 -0.2554758 0.7412997 0
0.1779849 -0.9666507 -0.1841226 0
0.7636194 0.01766467 0.6454214 0
3.733083 1.398488 -0.03879747 1

-0.7808697 -0.5611225 0.2745519 0
0.5471371 -0.4022402 0.7340565 0
-0.301461 0.7234215 0.6211095 0
3.134647 1.273978 0.1343678 1

-0.5471444 0.4022428 -0.7340499 0
-0.3958718 -0.8970367 -0.196482 0
-0.7375051 0.183086 0.6500463 0
3.225295 1.207336 0.2559901 1

-0.7469347 -0.656406 0.1058998 0
0.6449231 -0.6765079 0.3555365 0
-0.1617349 0.3338602 0.9286407 0
3.134647 1.273978 0.1343677 1

0.07816929 -0.274182 0.9584931 0
0.8129045 0.5741011 0.09792812 0
-0.5771241 0.7715091 0.2677613 0
3.784247 1.177296 0.2839451 1

0.06679182 -0.2050675 0.9764637 0
-0.0008323278 0.9786369 0.2055804 0
-0.9977649 -0.01454377 0.06519505 0
3.77225 1.214136 0.1085248 1

-0.6921929 0.6794147 0.2434348 0
-0.2471244 -0.5400384 0.8045394 0
0.6780819 0.4967383 0.5417113 0
3.760245 1.250975 -0.0668959 1

0.9964192 0.03773879 -0.07564083 0
-0.08335115 0.5876784 -0.8047853 0
0.01408087 0.8082094 0.5887205 0
3.594733 1.651722 0.3913797 1

0.9964192 0.0377388 -0.0756408 0
-0.08335096 0.587689 -0.8047774 0
0.01408195 0.8082016 0.5887312 0
3.51351 1.648646 0.3975438 1

-0.08324479 0.5876987 -0.8047814 0
-0.01407892 -0.8081972 -0.5887369 0
-0.9964282 -0.0376791 0.07555313 0
3.552251 1.613226 0.3512995 1

-0.8657187 0.4317304 -0.2532521 0
-0.4396933 -0.8977288 -0.02734976 0
-0.2391601 0.08767565 0.9670112 0
3.203848 1.41527 0.138671 1

-0.1397191 0.2221016 -0.964958 0
0.6379614 -0.7251066 -0.2592677 0
-0.757284 -0.6518323 -0.04038101 0
3.315947 1.140691 0.3776063 1

-0.08135642 0.6706284 -0.7373129 0
-0.02275969 -0.7408223 -0.6713091 0
-0.9964237 -0.03783461 0.07553473 0
3.550895 1.595535 0.3246111 1

-0.5562068 0.4914816 0.6701297 0
-0.1156929 0.7527252 -0.6480842 0
-0.8229487 -0.4379992 -0.3618106 0
3.756432 1.186442 0.3287065 1

-0.1705506 -0.3687755 0.9137349 0
0.7986274 0.4914274 0.3474007 0
-0.5771497 0.7889844 0.2107014 0
3.795087 1.139272 0.4168699 1

-0.3311952 -0.5011865 0.7994477 0
0.7393706 0.3885294 0.5498815 0
-0.5862044 0.7732074 0.2418841 0
3.810271 1.117928 0.4041138 1

0.2967689 0.0519102 0.9535339 0
0.7847353 0.5557359 -0.2744883 0
-0.5441635 0.8297324 0.1241894 0
3.762088 1.182115 0.4277832 1

0.08216989 0.01788164 -0.9964545 0
0.6783639 -0.7334749 0.04277726 0
-0.7301126 -0.6794761 -0.07239999 0
3.337399 1.10659 0.5257599 1

0.1061978 0.3112917 -0.9443585 0
0.5747211 -0.7942355 -0.1971758 0
-0.8114259 -0.5218049 -0.2632529 0
3.316449 1.088118 0.5252789 1

0.2070129 -0.01037104 0.9782801 0
0.8029789 0.5730401 -0.1638432 0
-0.5588966 0.8194573 0.1269545 0
3.779827 1.161256 0.4255211 1

-0.08315827 0.5876541 -0.8048229 0
0.01409427 0.8082322 0.5886871 0
0.9964347 0.03761102 -0.07549454 0
3.550927 1.59582 0.3252618 1

-0.08331293 0.5876791 -0.8047878 0
0.0140552 0.8082075 0.5887214 0
0.9964224 0.03773697 -0.07559484 0
3.552279 1.612691 0.3514345 1

-0.7542803 0.12543 -0.6444554 0
-0.3766878 -0.8866259 0.268317 0
-0.5377375 0.4451456 0.7160145 0
3.361668 1.156267 0.4212788 1

-0.5197501 0.116767 -0.8462969 0
0.6788483 -0.5449696 -0.4921035 0
-0.51867 -0.8302812 0.203982 0
3.377562 1.143391 0.5210718 1

-0.3037652 0.06946281 -0.9502079 0
0.6514155 -0.7126514 -0.2603428 0
-0.6952541 -0.6980658 0.1712301 0
3.357958 1.126314 0.5244495 1

-0.0768434 0.7770125 -0.6247694 0
-0.0350534 -0.6283406 -0.7771426 0
-0.9964249 -0.03781831 0.07552162 0
3.552047 1.586032 0.3350572 1

-0.25243 -0.4347968 0.8644214 0
0.7782727 0.4395891 0.4483819 0
-0.5749476 0.7859422 0.2274256 0
3.78661 1.12094 0.4622905 1

-0.08714691 -0.05050834 0.9949104 0
-0.2822956 0.9590234 0.02395935 0
-0.955358 -0.2787721 -0.09783432 0
3.711807 1.225874 0.3824716 1

-0.2659221 -0.453444 0.8506865 0
0.7955849 0.395084 0.459289 0
-0.5443567 0.7989296 0.2556922 0
3.776417 1.184622 0.4738236 1

-0.7356807 -0.6766191 -0.03087053 0
0.1523045 -0.209666 0.9658346 0
-0.6599774 0.7058455 0.2573001 0
3.796423 1.096973 0.4375387 1

-0.1786674 0.3661148 -0.9132526 0
0.6193494 -0.6793668 -0.3935207 0
-0.7645112 -0.6359345 -0.1053727 0
3.332346 1.105491 0.5870359 1

-0.1241094 0.6617402 -0.7393841 0
0.4733634 -0.6154037 -0.6302358 0
-0.8720764 -0.4282174 -0.2368672 0
3.310545 1.070814 0.5777762 1

-0.52709 -0.5853596 0.6160555 0
0.6410134 0.2020721 0.7404471 0
-0.5579176 0.7851834 0.2687138 0
3.7904 1.160727 0.4754862 1

-0.7780803 0.2012141 -0.5950604 0
-0.4312505 -0.8598949 0.2731221 0
-0.4567352 0.4691326 0.755844 0
3.416583 1.147135 0.4681976 1

-0.6943219 0.343518 -0.6323806 0
0.46809 -0.4518735 -0.7594031 0
-0.5466278 -0.8232846 0.1529493 0
3.405714 1.137067 0.5669123 1

-0.6384317 0.679242 -0.3619776 0
0.1831445 -0.3227227 -0.9286008 0
-0.7475671 -0.6591453 0.0816374 0
3.377233 1.121907 0.584741 1

-0.1544598 -0.3432084 0.9264675 0
0.8104916 0.4922451 0.3174752 0
-0.565012 0.7999336 0.2021361 0
3.777561 1.105354 0.4932778 1

-0.02759981 0.03458267 0.9990158 0
-0.2760225 0.9602765 -0.04086746 0
-0.9607514 -0.2768804 -0.01695755 0
3.708164 1.223763 0.4240533 1

-0.4510454 -0.2202777 0.8648863 0
0.7859775 0.3610732 0.5018539 0
-0.4228362 0.9061425 0.01027261 0
3.768136 1.170501 0.5003145 1

-0.6745155 -0.7334114 -0.08442199 0
0.1264838 -0.2274686 0.9655318 0
-0.7273392 0.6405903 0.2461966 0
3.772716 1.07517 0.4365436 1

-0.697739 0.1791206 -0.6935905 0
0.5390472 -0.5063865 -0.6730459 0
-0.4717842 -0.8434928 0.2567726 0
3.429972 1.125065 0.5890051 1

-0.03841087 0.2241276 -0.9737979 0
0.6713328 -0.7160407 -0.1912827 0
-0.7401552 -0.6610933 -0.122961 0
3.337463 1.095005 0.6131907 1

-0.7537277 -0.4151599 -0.5094399 0
-0.2789181 -0.4998207 0.8199856 0
-0.5950565 0.7601394 0.2609338 0
3.772748 1.141123 0.4961169 1

-0.07683273 0.7771651 -0.62458 0
-0.03506953 -0.6281513 -0.7772949 0
-0.9964246 -0.0378183 0.07551819 0
3.55357 1.570639 0.347434 1

-0.09015232 0.3485653 -0.9329339 0
0.5833284 -0.7407689 -0.3331368 0
-0.8072131 -0.5742427 -0.1365467 0
3.314353 1.050508 0.600464 1

-0.8032827 0.1091459 -0.5855048 0
-0.3572851 -0.8748412 0.3270943 0
-0.4765254 0.4719436 0.7417448 0
3.46104 1.135638 0.5021974 1

-0.7307142 0.5932364 -0.3378146 0
0.1752269 -0.3152725 -0.9326788 0
-0.6598067 -0.7407196 0.126424 0
3.399957 1.097729 0.5976251 1

