MeshAnim
1
1
52
30
1 3.041373E-08 -8.381903E-08 0
-3.041373E-08 1 4.184875E-08 0
8.381903E-08 -4.184875E-08 1 0
0.0002445392 2.827567 0.02580147 1

1 3.041373E-08 -8.381903E-08 0
-3.489497E-08 0.9985414 -0.05399251 0
8.205465E-08 0.05399251 0.9985414 0
0.0002445318 3.047519 0.01390833 1

-0.9877676 0.1083012 -0.112189 0
-0.1203441 -0.9869708 0.1068009 0
-0.09916057 0.1189957 0.9879308 0
-0.208554 2.705161 0.006233742 1

-0.9884524 -0.1056176 0.108658 0
0.1198814 -0.9836448 0.1344294 0
0.09268282 0.1459031 0.9849478 0
0.2090431 2.705161 0.003873915 1

1 3.041373E-08 -8.381903E-08 0
-3.489497E-08 0.9985414 -0.05399251 0
8.205465E-08 0.05399251 0.9985414 0
0.0002445225 3.304131 3.300607E-05 1

-0.9990325 -0.03548522 -0.02598441 0
0.03966434 -0.9821851 -0.1836837 0
-0.01900342 -0.1845367 0.9826419 0
-0.3511533 1.535671 0.1327852 1

-0.9989839 0.0379006 0.02438432 0
-0.04226294 -0.9757295 -0.2148622 0
0.0156491 -0.2156745 0.9763399 0
0.3515886 1.535554 0.1637177 1

1 3.041373E-08 -8.381903E-08 0
-3.489497E-08 0.9985414 -0.05399251 0
8.205465E-08 0.05399251 0.9985414 0
0.0002445122 3.597401 -0.01582452 1

-0.9797415 -0.002565733 -0.2002507 0
-0.1505616 -0.649896 0.744961 0
-0.1320534 0.7600193 0.6363435 0
-0.3033839 0.3527832 -0.08843272 1

-0.9803832 -0.0004465439 0.1971001 0
0.1501161 -0.6497117 0.7452114 0
0.1277255 0.7601807 0.6370335 0
0.3003591 0.3528142 -0.09672973 1

-0.03198668 -0.05663504 -0.9978825 0
0.947086 -0.32075 -0.01215418 0
-0.3193824 -0.9454692 0.06389796 0
0.1276634 3.868395 -0.0354202 1

-0.0061597 0.05602309 0.9984105 0
-0.9470862 -0.320749 0.01215484 0
0.3209201 -0.945506 0.05503447 0
-0.1271744 3.868395 -0.03190827 1

1 5.451348E-09 9.573451E-08 0
-5.451354E-09 1 5.302462E-08 0
-9.573451E-08 -5.302463E-08 1 0
0.0002445006 3.92733 -0.03366423 1

-0.9705255 -0.04627051 -0.2365156 0
-0.2358278 -0.01987544 0.9715918 0
-0.04965689 0.9987316 0.008377743 0
-0.3703613 0.0636766 0.2429638 1

-0.9699076 0.04936324 0.2384164 0
0.2375991 -0.02189737 0.9711165 0
0.05315818 0.9985409 0.009509816 0
0.3673124 0.06303549 0.2356423 1

-0.002737971 0.1337394 -0.9910129 0
0.9997915 -0.01968855 -0.00541923 0
-0.02023631 -0.990821 -0.1336576 0
0.3889937 3.779891 -0.0387739 1

0.01323257 -0.2011463 0.9794718 0
-0.9997065 -0.02254045 0.008876908 0
0.02029209 -0.9793019 -0.2013855 0
-0.3885047 3.779891 -0.02855435 1

1 5.45136E-09 -1.426841E-07 0
-5.451354E-09 1 5.302462E-08 0
1.426841E-07 -5.302462E-08 1 0
0.0002444908 4.027566 0.06752735 1

0.07303355 -0.2433791 0.9671777 0
-0.9972447 -0.00516687 0.0740037 0
-0.01301376 -0.9699175 -0.2430858 0
-1.114047 3.763532 -0.02211182 1

0.05561765 0.1857715 -0.9810176 0
0.9984334 -0.004314371 0.05578801 0
0.006131371 -0.9825835 -0.1857204 0
1.111124 3.76567 -0.04268814 1

-0.09181456 -0.4355147 -0.8954871 0
0.9906394 -0.1311752 -0.03777432 0
-0.1010144 -0.8905729 0.4434817 0
1.863816 3.762417 -0.0006310102 1

-0.1142045 0.5268996 0.8422197 0
-0.9888076 -0.1422123 -0.04511268 0
0.09600417 -0.8379455 0.5372435 0
-1.868676 3.759622 0.03388792 1

0.04581805 -0.443062 -0.8953195 0
0.7588906 -0.567389 0.319617 0
-0.6496045 -0.6940936 0.3102388 0
1.896707 3.736387 0.04016553 1

0.0158193 -0.4853887 -0.8741556 0
0.9941355 -0.08590349 0.06568978 0
-0.1069781 -0.8700681 0.4811831 0
2.042547 3.737681 -0.03357879 1

-0.01428188 -0.5042192 -0.8634577 0
0.994684 -0.09523746 0.03916186 0
-0.1019796 -0.8583081 0.5028989 0
2.019348 3.719707 -0.07810951 1

0.04841919 -0.4606605 -0.8862549 0
0.9911925 -0.08733685 0.09954847 0
-0.1232607 -0.883269 0.4523745 0
2.035975 3.777033 0.06162722 1

0.03185022 -0.4640591 -0.8852315 0
0.9930487 -0.08571844 0.08066501 0
-0.113314 -0.8816471 0.458103 0
2.039302 3.768139 0.0005319715 1

0.01172251 0.5403874 0.8413346 0
-0.7348824 -0.5659258 0.3737321 0
0.6780933 -0.6226631 0.3904872 0
-1.904506 3.730909 0.0744907 1

-0.01883717 0.5733424 0.8190992 0
-0.9882306 -0.1350662 0.07181504 0
0.1518072 -0.8081061 0.5691388 0
-2.055037 3.758401 0.03648898 1

-0.02604005 0.5982686 0.8008725 0
-0.9898751 -0.1272556 0.06287702 0
0.1395328 -0.7911262 0.5955248 0
-2.047377 3.736982 -0.002779132 1

-0.03392247 0.6048164 0.7956421 0
-0.9898156 -0.1304594 0.05696897 0
0.1382548 -0.7856064 0.6030821 0
-2.034723 3.701807 -0.0431466 1

0.00341347 0.5598649 0.828577 0
-0.98814 -0.1253141 0.08874471 0
0.1535174 -0.8190528 0.5527972 0
-2.046192 3.782202 0.08587035 1

0.1556142 -0.6051062 -0.7807886 0
0.741057 -0.4511246 0.4973143 0
-0.6531608 -0.6559978 0.3782168 0
1.930872 3.715087 0.06404723 1

-0.0175963 -0.5155762 -0.856663 0
0.9838024 -0.161796 0.07716786 0
-0.1783905 -0.8414293 0.5100722 0
2.099408 3.770598 0.06634755 1

-0.01954359 -0.5171849 -0.8556506 0
0.9847496 -0.1579362 0.07296979 0
-0.172877 -0.8411753 0.5123841 0
2.112936 3.761114 0.005225937 1

-0.02491761 -0.5342848 -0.8449374 0
0.985332 -0.1558569 0.06949604 0
-0.1688199 -0.830812 0.5303313 0
2.113748 3.730951 -0.02991988 1

-0.04429302 -0.5442479 -0.8377545 0
0.9855986 -0.1607941 0.0523503 0
-0.1631975 -0.8233709 0.5435318 0
2.081871 3.713543 -0.07595088 1

0.04639934 0.6527665 0.7561367 0
-0.7489786 -0.4781263 0.4587224 0
0.6609675 -0.5876147 0.4667236 0
-1.939977 3.707795 0.09922816 1

-0.03736905 0.6244993 0.7801308 0
-0.9767042 -0.187906 0.1036346 0
0.211311 -0.7580843 0.616973 0
-2.108408 3.774127 0.09118355 1

-0.06534041 0.6548883 0.7528957 0
-0.9799436 -0.184459 0.0754023 0
0.1882586 -0.7328686 0.6538063 0
-2.094059 3.693957 -0.03976992 1

-0.05967706 0.652738 0.7552296 0
-0.9782984 -0.1886338 0.08573069 0
0.1984214 -0.7337235 0.6498297 0
-2.118832 3.727744 0.001691004 1

-0.05566818 0.6274398 0.7766727 0
-0.9772738 -0.1935958 0.08635111 0
0.2045407 -0.7542148 0.6239576 0
-2.12861 3.74817 0.04158626 1

0.129766 -0.6741773 -0.7270802 0
0.7923337 -0.3703516 0.4848166 0
-0.5961277 -0.6390029 0.4861144 0
1.986416 3.679382 0.0980403 1

-0.0491748 -0.5736759 -0.817605 0
0.9820015 -0.1772292 0.06529116 0
-0.1823595 -0.7996786 0.5720657 0
2.156573 3.761646 0.0715725 1

-0.04869806 -0.5713144 -0.8192855 0
0.9877492 -0.1493008 0.04540077 0
-0.1482579 -0.8070373 0.5715857 0
2.180997 3.750607 0.01094061 1

-0.06491132 -0.5840124 -0.8091452 0
0.9955303 -0.09364182 -0.01227616 0
-0.06860042 -0.8063255 0.5874803 0
2.13449 3.705123 -0.07290631 1

0.03110865 0.7258709 0.6871271 0
-0.7966521 -0.3971707 0.4556322 0
0.603637 -0.5615754 0.5659114 0
-1.993995 3.672576 0.1313865 1

-0.07481209 0.6849928 0.7246985 0
-0.967172 -0.2268337 0.1145623 0
0.2428604 -0.6923376 0.6794758 0
-2.165826 3.763111 0.09731359 1

-0.09208901 0.7036198 0.7045842 0
-0.9632964 -0.2421319 0.1158977 0
0.2521502 -0.6680505 0.7000921 0
-2.186032 3.714783 0.007575209 1

-0.09418789 0.7021223 0.7057994 0
-0.9841614 -0.1726145 0.04038014 0
0.150183 -0.6908173 0.7072599 0
-2.139875 3.685353 -0.03622215 1

-0.08877416 0.6789281 0.7288181 0
-0.9617475 -0.2488029 0.1146251 0
0.2591543 -0.6907632 0.6750447 0
-2.193251 3.735406 0.0473475 1

-0.05389624 -0.5832949 -0.8104705 0
0.9708741 -0.2203659 0.0940341 0
-0.2334497 -0.7817966 0.5781826 0
2.180888 3.720487 -0.02493855 1

