MeshGeometry
1
2
0
0
8
16384
0 0
0 0
32768
common_people_male_1_0
common_people_male_1_1
64
1 0 0 0
1 0 0 0
1 0 0 0
1 0 0 0
1 0 0 0
0.8079667 0.1920333 0 0
0.792859 0.207141 0 0
0.7501821 0.2498179 0 0
0.7923512 0.2076487 0 0
0.8740697 0.1259303 0 0
0.792859 0.207141 0 0
0.8961897 0.1038102 0 0
1 0 0 0
1 0 0 0
1 0 0 0
1 0 0 0
1 0 0 0
0.8079667 0.1920333 0 0
0.792859 0.207141 0 0
0.7923512 0.2076487 0 0
0.7501821 0.2498179 0 0
0.8740697 0.1259303 0 0
0.792859 0.207141 0 0
0.8961897 0.1038102 0 0
0.9379184 0.06208166 0 0
0.508174 0.491826 0 0
0.9379184 0.06208166 0 0
0.5081195 0.4918805 0 0
0.9289466 0.0710534 0 0
0.5118144 0.4881856 0 0
0.9247668 0.07523318 0 0
0.5197078 0.4802922 0 0
0.9319706 0.0680294 0 0
0.5146095 0.4853905 0 0
0.9391702 0.06082981 0 0
1 0 0 0
0.9626513 0.03734866 0 0
1 0 0 0
1 0 0 0
0.5936019 0.4063981 0 0
1 0 0 0
0.65 0.35 0 0
0.65 0.35 0 0
0.5394434 0.4605566 0 0
0.5394434 0.4605566 0 0
0.6 0.4 0 0
0.95 0.05 0 0
0.55 0.45 0 0
0.6109923 0.2819526 0.1070551 0
0.55 0.45 0 0
0.65 0.35 0 0
1 0 0 0
1 0 0 0
1 0 0 0
0.65 0.35 0 0
0.65 0.35 0 0
1 0 0 0
1 0 0 0
0.5081735 0.4918266 0 0
0.5081735 0.4918266 0 0
0.9391702 0.06082981 0 0
0.9391702 0.06082981 0 0
0.5508427 0.4491573 0 0
0.5394434 0.4605566 0 0
0.65 0.35 0 0
0.8181182 0.1818818 0 0
0.8012877 0.1987124 0 0
0.5081735 0.4918266 0 0
1 0 0 0
1 0 0 0
0.8181182 0.1818818 0 0
0.5508427 0.4491573 0 0
0.5146095 0.4853905 0 0
0.9319706 0.0680294 0 0
1 0 0 0
0.5197078 0.4802922 0 0
0.9247668 0.07523318 0 0
1 0 0 0
1 0 0 0
0.5118144 0.4881856 0 0
0.9289466 0.0710534 0 0
0.65 0.35 0 0
0.5394434 0.4605566 0 0
0.65 0.35 0 0
0.65 0.35 0 0
0.65 0.35 0 0
0.6109923 0.2819526 0.1070551 0
0.55 0.45 0 0
0.55 0.45 0 0
0.95 0.05 0 0
0.6 0.4 0 0
0.9626513 0.03734866 0 0
1 0 0 0
0.5081195 0.4918805 0 0
0.9379184 0.06208166 0 0
1 0 0 0
0.508174 0.491826 0 0
0.9379184 0.06208166 0 0
1 0 0 0
0.5936019 0.4063981 0 0
1 0 0 0
0.65 0.35 0 0
0.65 0.35 0 0
0.5394434 0.4605566 0 0
0.5394434 0.4605566 0 0
1 0 0 0
1 0 0 0
1 0 0 0
0.9263012 0.07369878 0 0
0.741865 0.2581349 0 0
0.8259066 0.1740934 0 0
0.86811 0.13189 0 0
0.531891 0.468109 0 0
0.7671054 0.2328946 0 0
0.6200749 0.3799251 0 0
0.8367803 0.1632197 0 0
0.7928091 0.2071909 0 0
0.7928091 0.2071909 0 0
0.9391702 0.06082981 0 0
0.9146514 0.08534858 0 0
0.7650415 0.2349585 0 0
0.8658029 0.1341971 0 0
0.9391702 0.06082981 0 0
0.8727228 0.1018689 0.02540825 0
0.9319706 0.0680294 0 0
0.5973123 0.4026877 0 0
0.871296 0.09815225 0.03055177 0
0.9247668 0.07523318 0 0
0.9289466 0.0710534 0 0
0.5194774 0.4805226 0 0
0.8878155 0.08605003 0.0261345 0
0.9379184 0.06208166 0 0
0.8000001 0.1999999 0 0
0.8486411 0.1513589 0 0
0.5675176 0.4324824 0 0
0.7871073 0.2128926 0 0
0.6121306 0.3878694 0 0
0.75 0.25 0 0
0.5475066 0.4524934 0 0
0.8601714 0.1398286 0 0
0.7363189 0.2636811 0 0
0.9379184 0.06208166 0 0
0.7363189 0.2636811 0 0
0.7201778 0.2798222 0 0
0.7066424 0.2933576 0 0
0.691892 0.308108 0 0
0.923061 0.07693907 0 0
0.75 0.25 0 0
0.7475066 0.2524934 0 0
0.9039512 0.09604879 0 0
0.9274241 0.0725759 0 0
1 0 0 0
1 0 0 0
0.86811 0.13189 0 0
0.7288497 0.2711503 0 0
0.7957605 0.2042395 0 0
0.5543941 0.4456059 0 0
0.531891 0.468109 0 0
0.85 0.15 0 0
0.6475066 0.3524934 0 0
0.5169715 0.4830285 0 0
0.8041146 0.1958854 0 0
0.8367803 0.1632197 0 0
0.6757616 0.3242384 0 0
0.8750092 0.1249908 0 0
0.8237205 0.1762796 0 0
0.7929315 0.2070685 0 0
0.6808292 0.3191708 0 0
0.6150854 0.3849147 0 0
0.791779 0.208221 0 0
0.8367543 0.1632458 0 0
0.923874 0.07612596 0 0
0.8017339 0.1982661 0 0
0.6454118 0.3545882 0 0
0.6574216 0.3425784 0 0
0.6030453 0.3969547 0 0
0.5617176 0.4382824 0 0
0.759303 0.240697 0 0
0.578087 0.421913 0 0
0.862431 0.137569 0 0
0.8275132 0.1724868 0 0
0.8495771 0.1504228 0 0
0.737817 0.262183 0 0
0.6757616 0.3242384 0 0
0.5475955 0.4524045 0 0
0.6058952 0.3941048 0 0
0.6150854 0.3849147 0 0
0.5617176 0.4382824 0 0
0.5921512 0.4078488 0 0
0.8275132 0.1724868 0 0
0.6739076 0.3260923 0 0
0.6 0.4 0 0
0.8108326 0.1891674 0 0
0.9304307 0.06956928 0 0
0.6583947 0.3416053 0 0
0.5748863 0.4251137 0 0
0.7905511 0.2094489 0 0
0.8682854 0.1317146 0 0
0.5048949 0.4951051 0 0
0.622072 0.377928 0 0
0.50471 0.49529 0 0
0.593841 0.406159 0 0
0.8173263 0.1826737 0 0
0.8436914 0.1563086 0 0
0.8241915 0.1758085 0 0
0.8612967 0.1387034 0 0
0.865052 0.1349479 0 0
0.9 0.1 0 0
0.9 0.1 0 0
0.9139844 0.0860156 0 0
0.8806187 0.1193813 0 0
0.9573952 0.04260481 0 0
0.8070248 0.1159975 0.07697766 0
0.8679958 0.1320042 0 0
0.9720469 0.02795314 0 0
0.5581014 0.4418986 0 0
0.8700678 0.1299322 0 0
0.9644094 0.03559059 0 0
0.9304307 0.06956928 0 0
0.6737868 0.3262132 0 0
0.5048949 0.4951051 0 0
0.6777088 0.3222912 0 0
0.6144892 0.3855108 0 0
0.68174 0.31826 0 0
0.5079543 0.4920457 0 0
0.792859 0.207141 0 0
0.8961897 0.1038102 0 0
0.8693718 0.1306281 0 0
0.8358819 0.1641181 0 0
0.8079667 0.1920333 0 0
0.5696974 0.4303026 0 0
1 0 0 0
1 0 0 0
1 0 0 0
1 0 0 0
1 0 0 0
0.5524935 0.4475065 0 0
1 0 0 0
1 0 0 0
0.8236269 0.176373 0 0
0.9147582 0.08524182 0 0
0.8740697 0.1259303 0 0
0.6879405 0.3120596 0 0
0.7923512 0.2076487 0 0
0.5152421 0.4847579 0 0
0.6737868 0.3262132 0 0
0.7501821 0.2498179 0 0
0.5692903 0.4307097 0 0
0.792859 0.207141 0 0
0.6777088 0.3222912 0 0
0.5079543 0.4920457 0 0
0.6144892 0.3855108 0 0
0.5110897 0.4889103 0 0
0.6795328 0.3204672 0 0
0.541028 0.4589719 0 0
0.7175507 0.2824493 0 0
1 0 0 0
0.5820292 0.4179707 0 0
0.5262628 0.4737372 0 0
0.5235725 0.4764275 0 0
1 0 0 0
0.6072371 0.3927629 0 0
0.9580708 0.04192922 0 0
0.6027784 0.3972216 0 0
0.5109071 0.4890929 0 0
0.5269377 0.4730623 0 0
1 0 0 0
1 0 0 0
1 0 0 0
1 0 0 0
1 0 0 0
1 0 0 0
0.7337686 0.2662313 0 0
0.6651226 0.3348774 0 0
0.7449386 0.2550614 0 0
0.7307886 0.2692114 0 0
0.7625853 0.2374147 0 0
0.7964095 0.2035904 0 0
0.5411844 0.4588155 0 0
0.5302079 0.4697922 0 0
1 0 0 0
1 0 0 0
1 0 0 0
1 0 0 0
1 0 0 0
1 0 0 0
0.5302079 0.4697922 0 0
0.5756915 0.4243085 0 0
0.9884337 0.01156631 0 0
0.9837596 0.01624042 0 0
0.7115504 0.2884496 0 0
0.5558338 0.4441662 0 0
0.6334879 0.3665121 0 0
0.6954073 0.3045927 0 0
0.7590818 0.2409181 0 0
0.7457383 0.2542617 0 0
0.8869721 0.1130279 0 0
1 0 0 0
1 0 0 0
1 0 0 0
1 0 0 0
0.943509 0.05649094 0 0
1 0 0 0
0.9406896 0.05931045 0 0
0.8499644 0.1500356 0 0
0.7362597 0.2637403 0 0
0.749095 0.2509051 0 0
0.5180262 0.4819738 0 0
0.9 0.1 0 0
0.6959453 0.3040547 0 0
0.5693589 0.430641 0 0
0.7157401 0.2842599 0 0
0.541028 0.4589719 0 0
0.6795328 0.3204672 0 0
1 0 0 0
1 0 0 0
1 0 0 0
0.6072371 0.3927629 0 0
0.6150152 0.3849848 0 0
1 0 0 0
1 0 0 0
1 0 0 0
0.6337686 0.3662314 0 0
1 0 0 0
1 0 0 0
0.6651226 0.3348774 0 0
0.7307886 0.2692114 0 0
1 0 0 0
0.7625853 0.2374147 0 0
1 0 0 0
0.5353317 0.4646683 0 0
0.5302079 0.4697922 0 0
1 0 0 0
1 0 0 0
1 0 0 0
0.5355147 0.4644854 0 0
1 0 0 0
0.5302079 0.4697922 0 0
0.9884337 0.01156631 0 0
0.8 0.2 0 0
0.7115504 0.2884496 0 0
0.7065212 0.2934788 0 0
0.7457383 0.2542617 0 0
1 0 0 0
1 0 0 0
1 0 0 0
1 0 0 0
0.8079667 0.1920333 0 0
0.8961897 0.1038102 0 0
0.8740697 0.1259303 0 0
1 0 0 0
0.75 0.25 0 0
0.5262628 0.4737372 0 0
0.5110897 0.4889103 0 0
0.740133 0.2598669 0 0
0.5352789 0.4647211 0 0
0.5235725 0.4764275 0 0
0.695664 0.304336 0 0
0.7 0.3 0 0
0.744098 0.255902 0 0
0.5109071 0.4890929 0 0
0.65 0.35 0 0
0.95 0.05 0 0
0.6324746 0.3675254 0 0
0.7407319 0.2592681 0 0
0.5180262 0.4819738 0 0
0.7295784 0.2704216 0 0
0.5693589 0.430641 0 0
0.6341863 0.3658137 0 0
0.7 0.3 0 0
0.541028 0.4589719 0 0
0.6653581 0.3346418 0 0
0.7102408 0.2897592 0 0
0.5110897 0.4889103 0 0
0.75 0.25 0 0
0.5352789 0.4647211 0 0
0.5287467 0.4712533 0 0
0.6000001 0.3999999 0 0
0.7 0.3 0 0
0.8 0.2 0 0
0.5108487 0.4891513 0 0
0.8 0.2 0 0
0.8 0.2 0 0
0.95 0.05 0 0
0.95 0.05 0 0
0.531765 0.468235 0 0
0.95 0.05 0 0
0.7 0.3 0 0
0.95 0.05 0 0
0.7 0.3 0 0
0.55 0.45 0 0
0.6 0.4 0 0
0.7 0.3 0 0
0.8331279 0.1668721 0 0
0.85 0.15 0 0
0.6860518 0.3139482 0 0
0.9 0.1 0 0
1 0 0 0
0.5936019 0.4063981 0 0
0.9 0.1 0 0
0.65 0.35 0 0
0.65 0.35 0 0
0.9 0.1 0 0
0.65 0.35 0 0
0.65 0.35 0 0
0.9 0.1 0 0
0.65 0.35 0 0
0.7 0.3 0 0
0.9 0.1 0 0
0.65 0.35 0 0
0.55 0.45 0 0
0.8139231 0.1860769 0 0
0.7 0.3 0 0
0.4837392 0.3160734 0.2001873 0
0.7 0.3 0 0
0.55 0.45 0 0
1 0 0 0
1 0 0 0
1 0 0 0
0.9263012 0.07369878 0 0
0.741865 0.2581349 0 0
0.8259066 0.1740934 0 0
0.86811 0.13189 0 0
0.531891 0.468109 0 0
0.7671054 0.2328946 0 0
0.6200749 0.3799251 0 0
0.8367803 0.1632197 0 0
0.7928091 0.2071909 0 0
0.7928091 0.2071909 0 0
0.9391702 0.06082981 0 0
0.9146514 0.08534858 0 0
0.7650415 0.2349585 0 0
0.8658029 0.1341971 0 0
0.9391702 0.06082981 0 0
0.8727228 0.1018689 0.02540825 0
0.9319706 0.0680294 0 0
0.5973123 0.4026877 0 0
0.871296 0.09815225 0.03055177 0
0.9247668 0.07523318 0 0
0.9289466 0.0710534 0 0
0.5194774 0.4805226 0 0
0.8878155 0.08605003 0.0261345 0
0.9379184 0.06208166 0 0
0.8000001 0.1999999 0 0
0.8486411 0.1513589 0 0
0.5675176 0.4324824 0 0
0.6121306 0.3878694 0 0
0.7871073 0.2128926 0 0
0.75 0.25 0 0
0.5475066 0.4524934 0 0
0.8601714 0.1398286 0 0
0.7363189 0.2636811 0 0
0.9379184 0.06208166 0 0
0.7363189 0.2636811 0 0
0.7201778 0.2798222 0 0
0.7066424 0.2933576 0 0
0.691892 0.308108 0 0
0.923061 0.07693907 0 0
0.75 0.25 0 0
0.7475066 0.2524934 0 0
0.9039512 0.09604879 0 0
0.9274241 0.0725759 0 0
1 0 0 0
1 0 0 0
0.86811 0.13189 0 0
0.7288497 0.2711503 0 0
0.7457604 0.2542396 0 0
0.6043941 0.3956059 0 0
0.531891 0.468109 0 0
0.8 0.2 0 0
0.6475066 0.3524934 0 0
0.5669715 0.4330285 0 0
0.8041146 0.1958854 0 0
0.8367803 0.1632197 0 0
0.6757616 0.3242384 0 0
0.8750092 0.1249908 0 0
0.8237205 0.1762796 0 0
0.7929315 0.2070685 0 0
0.6808292 0.3191708 0 0
0.6150854 0.3849147 0 0
0.791779 0.208221 0 0
0.8367543 0.1632458 0 0
0.923874 0.07612596 0 0
0.8017339 0.1982661 0 0
0.6454118 0.3545882 0 0
0.6574216 0.3425784 0 0
0.6030453 0.3969547 0 0
0.5617176 0.4382824 0 0
0.759303 0.240697 0 0
0.578087 0.421913 0 0
0.862431 0.137569 0 0
0.8275132 0.1724868 0 0
0.8495771 0.1504228 0 0
0.737817 0.262183 0 0
0.6757616 0.3242384 0 0
0.5475955 0.4524045 0 0
0.6058952 0.3941048 0 0
0.6150854 0.3849147 0 0
0.5617176 0.4382824 0 0
0.5078489 0.4921511 0 0
0.8275132 0.1724868 0 0
0.6739076 0.3260923 0 0
0.5 0.5 0 0
0.8108326 0.1891674 0 0
0.9304307 0.06956928 0 0
0.6583947 0.3416053 0 0
0.5251137 0.4748863 0 0
0.7905511 0.2094489 0 0
0.8682854 0.1317146 0 0
0.5048949 0.4951051 0 0
0.622072 0.377928 0 0
0.59529 0.40471 0 0
0.593841 0.406159 0 0
0.8173263 0.1826737 0 0
0.8436914 0.1563086 0 0
0.8241915 0.1758085 0 0
0.8612967 0.1387034 0 0
0.865052 0.1349479 0 0
0.9 0.1 0 0
0.9 0.1 0 0
0.9139844 0.0860156 0 0
0.8806187 0.1193813 0 0
0.9573952 0.04260481 0 0
0.8070248 0.1159975 0.07697766 0
0.8679958 0.1320042 0 0
0.9720469 0.02795314 0 0
0.5581014 0.4418986 0 0
0.8700678 0.1299322 0 0
0.9644094 0.03559059 0 0
0.9304307 0.06956928 0 0
0.6737868 0.3262132 0 0
0.5048949 0.4951051 0 0
0.6777088 0.3222912 0 0
0.6144892 0.3855108 0 0
0.68174 0.31826 0 0
0.5079543 0.4920457 0 0
0.792859 0.207141 0 0
0.8961897 0.1038102 0 0
0.8693718 0.1306281 0 0
0.8358819 0.1641181 0 0
0.8079667 0.1920333 0 0
0.5696974 0.4303026 0 0
1 0 0 0
1 0 0 0
1 0 0 0
1 0 0 0
1 0 0 0
0.5524935 0.4475065 0 0
1 0 0 0
1 0 0 0
0.8236269 0.176373 0 0
0.9147582 0.08524182 0 0
0.8740697 0.1259303 0 0
0.6879405 0.3120596 0 0
0.7923512 0.2076487 0 0
0.5152421 0.4847579 0 0
0.6737868 0.3262132 0 0
0.7501821 0.2498179 0 0
0.5692903 0.4307097 0 0
0.792859 0.207141 0 0
0.6777088 0.3222912 0 0
0.5079543 0.4920457 0 0
0.6144892 0.3855108 0 0
0.5110897 0.4889103 0 0
0.541028 0.4589719 0 0
0.6795328 0.3204672 0 0
0.7175507 0.2824493 0 0
1 0 0 0
0.5820292 0.4179707 0 0
0.5262628 0.4737372 0 0
0.5235725 0.4764275 0 0
1 0 0 0
0.6072371 0.3927629 0 0
0.9580708 0.04192922 0 0
0.6027784 0.3972216 0 0
0.5109071 0.4890929 0 0
0.5269377 0.4730623 0 0
1 0 0 0
1 0 0 0
1 0 0 0
1 0 0 0
1 0 0 0
1 0 0 0
0.7337686 0.2662313 0 0
0.6651226 0.3348774 0 0
0.7449386 0.2550614 0 0
0.7307886 0.2692114 0 0
0.7625853 0.2374147 0 0
0.7964095 0.2035904 0 0
0.5411844 0.4588155 0 0
0.5302079 0.4697922 0 0
1 0 0 0
1 0 0 0
1 0 0 0
1 0 0 0
1 0 0 0
1 0 0 0
0.5302079 0.4697922 0 0
0.5756915 0.4243085 0 0
0.9884337 0.01156631 0 0
0.9837596 0.01624042 0 0
0.7115504 0.2884496 0 0
0.5558338 0.4441662 0 0
0.6334879 0.3665121 0 0
0.6954073 0.3045927 0 0
0.7590818 0.2409181 0 0
0.7457383 0.2542617 0 0
0.8369721 0.1630279 0 0
1 0 0 0
1 0 0 0
1 0 0 0
1 0 0 0
0.943509 0.05649094 0 0
1 0 0 0
0.9406896 0.05931045 0 0
0.7999644 0.2000356 0 0
0.7362597 0.2637403 0 0
0.749095 0.2509051 0 0
0.5180262 0.4819738 0 0
0.9 0.1 0 0
0.6959453 0.3040547 0 0
0.5693589 0.430641 0 0
0.7157401 0.2842599 0 0
0.541028 0.4589719 0 0
0.6795328 0.3204672 0 0
1 0 0 0
1 0 0 0
1 0 0 0
0.6072371 0.3927629 0 0
0.6150152 0.3849848 0 0
1 0 0 0
1 0 0 0
1 0 0 0
0.6337686 0.3662314 0 0
1 0 0 0
1 0 0 0
0.6651226 0.3348774 0 0
0.7307886 0.2692114 0 0
1 0 0 0
0.7625853 0.2374147 0 0
1 0 0 0
0.5353317 0.4646683 0 0
0.5302079 0.4697922 0 0
1 0 0 0
1 0 0 0
1 0 0 0
0.5355147 0.4644854 0 0
1 0 0 0
0.5302079 0.4697922 0 0
0.9884337 0.01156631 0 0
0.8 0.2 0 0
0.7115504 0.2884496 0 0
0.7065212 0.2934788 0 0
0.7457383 0.2542617 0 0
1 0 0 0
1 0 0 0
1 0 0 0
1 0 0 0
0.8740697 0.1259303 0 0
0.8961897 0.1038102 0 0
0.8079667 0.1920333 0 0
1 0 0 0
0.5262628 0.4737372 0 0
0.75 0.25 0 0
0.5110897 0.4889103 0 0
0.740133 0.2598669 0 0
0.5235725 0.4764275 0 0
0.5352789 0.4647211 0 0
0.744098 0.255902 0 0
0.5109071 0.4890929 0 0
0.695664 0.304336 0 0
0.7 0.3 0 0
0.7407319 0.2592681 0 0
0.5180262 0.4819738 0 0
0.65 0.35 0 0
0.95 0.05 0 0
0.6324746 0.3675254 0 0
0.7295784 0.2704216 0 0
0.5693589 0.430641 0 0
0.6341863 0.3658137 0 0
0.7 0.3 0 0
0.541028 0.4589719 0 0
0.6653581 0.3346418 0 0
0.7102408 0.2897592 0 0
0.5110897 0.4889103 0 0
0.75 0.25 0 0
0.5352789 0.4647211 0 0
0.5287467 0.4712533 0 0
0.6000001 0.3999999 0 0
0.7 0.3 0 0
0.8 0.2 0 0
0.5108487 0.4891513 0 0
0.8 0.2 0 0
0.8 0.2 0 0
0.95 0.05 0 0
0.95 0.05 0 0
0.531765 0.468235 0 0
0.95 0.05 0 0
0.95 0.05 0 0
0.7 0.3 0 0
0.7 0.3 0 0
0.55 0.45 0 0
0.6 0.4 0 0
0.7 0.3 0 0
0.8331279 0.1668721 0 0
0.85 0.15 0 0
0.6860518 0.3139482 0 0
0.9 0.1 0 0
1 0 0 0
0.5936019 0.4063981 0 0
0.9 0.1 0 0
0.65 0.35 0 0
0.65 0.35 0 0
0.9 0.1 0 0
0.65 0.35 0 0
0.65 0.35 0 0
0.9 0.1 0 0
0.65 0.35 0 0
0.7 0.3 0 0
0.9 0.1 0 0
0.65 0.35 0 0
0.55 0.45 0 0
0.8139231 0.1860769 0 0
0.7 0.3 0 0
0.4837392 0.3160734 0.2001873 0
0.7 0.3 0 0
0.55 0.45 0 0
1 0 0 0
1 0 0 0
1 0 0 0
1 0 0 0
1 0 0 0
1 0 0 0
1 0 0 0
1 0 0 0
1 0 0 0
1 0 0 0
1 0 0 0
1 0 0 0
1 0 0 0
1 0 0 0
1 0 0 0
1 0 0 0
1 0 0 0
1 0 0 0
1 0 0 0
1 0 0 0
1 0 0 0
1 0 0 0
1 0 0 0
1 0 0 0
1 0 0 0
1 0 0 0
1 0 0 0
1 0 0 0
1 0 0 0
1 0 0 0
1 0 0 0
1 0 0 0
1 0 0 0
1 0 0 0
1 0 0 0
1 0 0 0
1 0 0 0
1 0 0 0
1 0 0 0
1 0 0 0
1 0 0 0
1 0 0 0
1 0 0 0
1 0 0 0
1 0 0 0
1 0 0 0
1 0 0 0
1 0 0 0
1 0 0 0
1 0 0 0
1 0 0 0
1 0 0 0
1 0 0 0
1 0 0 0
1 0 0 0
1 0 0 0
1 0 0 0
1 0 0 0
1 0 0 0
1 0 0 0
1 0 0 0
1 0 0 0
1 0 0 0
1 0 0 0
1 0 0 0
1 0 0 0
1 0 0 0
1 0 0 0
1 0 0 0
1 0 0 0
1 0 0 0
1 0 0 0
1 0 0 0
1 0 0 0
1 0 0 0
1 0 0 0
1 0 0 0
1 0 0 0
1 0 0 0
1 0 0 0
1 0 0 0
1 0 0 0
1 0 0 0
1 0 0 0
1 0 0 0
1 0 0 0
1 0 0 0
1 0 0 0
1 0 0 0
1 0 0 0
1 0 0 0
1 0 0 0
0.5756309 0.4243691 0 0
0.5374488 0.4625512 0 0
0.5863039 0.4136961 0 0
0.508899 0.491101 0 0
0.5374488 0.4625512 0 0
0.5863039 0.4136961 0 0
0.508899 0.491101 0 0
1 0 0 0
1 0 0 0
1 0 0 0
1 0 0 0
0.9668618 0.03313819 0 0
1 0 0 0
1 0 0 0
1 0 0 0
0.9761299 0.02387003 0 0
1 0 0 0
1 0 0 0
0.508899 0.491101 0 0
0.8957407 0.1042593 0 0
0.8966149 0.1033851 0 0
0.5112123 0.4887877 0 0
0.508899 0.491101 0 0
0.8957407 0.1042593 0 0
0.9668618 0.03313819 0 0
1 0 0 0
1 0 0 0
0.9761299 0.02387003 0 0
1 0 0 0
1 0 0 0
1 0 0 0
0.8181182 0.1818818 0 0
0.8012877 0.1987124 0 0
0.8689618 0.1310382 0 0
0.85 0.15 0 0
0.5508427 0.4491573 0 0
0.5374488 0.4625512 0 0
0.5756309 0.4243691 0 0
0.85 0.15 0 0
0.5863039 0.4136961 0 0
0.508899 0.491101 0 0
0.85 0.15 0 0
0.5394434 0.4605566 0 0
0.5112123 0.4887877 0 0
0.5394434 0.4605566 0 0
0.9 0.1 0 0
0.85 0.15 0 0
0.5394434 0.4605566 0 0
0.508899 0.491101 0 0
0.5508427 0.4491573 0 0
0.85 0.15 0 0
0.5863039 0.4136961 0 0
0.5374488 0.4625512 0 0
0.85 0.15 0 0
0.8181182 0.1818818 0 0
0.8689618 0.1310382 0 0
0.5756309 0.4243691 0 0
0.8012877 0.1987124 0 0
1 0 0 0
1 0 0 0
1 0 0 0
1 0 0 0
1 0 0 0
1 0 0 0
1 0 0 0
1 0 0 0
1 0 0 0
1 0 0 0
1 0 0 0
1 0 0 0
1 0 0 0
1 0 0 0
1 0 0 0
1 0 0 0
1 0 0 0
1 0 0 0
1 0 0 0
1 0 0 0
1 0 0 0
1 0 0 0
1 0 0 0
1 0 0 0
1 0 0 0
1 0 0 0
1 0 0 0
1 0 0 0
1 0 0 0
1 0 0 0
1 0 0 0
1 0 0 0
1 0 0 0
1 0 0 0
1 0 0 0
1 0 0 0
1 0 0 0
1 0 0 0
1 0 0 0
1 0 0 0
1 0 0 0
1 0 0 0
1 0 0 0
1 0 0 0
1 0 0 0
1 0 0 0
1 0 0 0
1 0 0 0
1 0 0 0
1 0 0 0
1 0 0 0
1 0 0 0
1 0 0 0
1 0 0 0
1 0 0 0
1 0 0 0
1 0 0 0
1 0 0 0
1 0 0 0
1 0 0 0
1 0 0 0
1 0 0 0
1 0 0 0
1 0 0 0
1 0 0 0
1 0 0 0
1 0 0 0
1 0 0 0
1 0 0 0
0.9559832 0.04401686 0 0
0.9575521 0.04244786 0 0
0.860307 0.1396931 0 0
0.8413918 0.1586082 0 0
0.6084529 0.3915471 0 0
0.5949876 0.4050124 0 0
0.7229326 0.2770674 0 0
0.7957833 0.2042167 0 0
0.9722257 0.0277743 0 0
1 0 0 0
1 0 0 0
1 0 0 0
1 0 0 0
1 0 0 0
1 0 0 0
1 0 0 0
1 0 0 0
1 0 0 0
1 0 0 0
1 0 0 0
1 0 0 0
1 0 0 0
1 0 0 0
1 0 0 0
1 0 0 0
1 0 0 0
1 0 0 0
1 0 0 0
1 0 0 0
1 0 0 0
1 0 0 0
1 0 0 0
1 0 0 0
1 0 0 0
1 0 0 0
1 0 0 0
1 0 0 0
1 0 0 0
1 0 0 0
1 0 0 0
1 0 0 0
1 0 0 0
1 0 0 0
1 0 0 0
1 0 0 0
1 0 0 0
1 0 0 0
1 0 0 0
1 0 0 0
1 0 0 0
1 0 0 0
1 0 0 0
1 0 0 0
1 0 0 0
1 0 0 0
1 0 0 0
1 0 0 0
1 0 0 0
1 0 0 0
1 0 0 0
1 0 0 0
1 0 0 0
1 0 0 0
1 0 0 0
1 0 0 0
1 0 0 0
1 0 0 0
1 0 0 0
1 0 0 0
1 0 0 0
1 0 0 0
1 0 0 0
1 0 0 0
1 0 0 0
1 0 0 0
1 0 0 0
1 0 0 0
1 0 0 0
1 0 0 0
1 0 0 0
1 0 0 0
1 0 0 0
1 0 0 0
1 0 0 0
1 0 0 0
1 0 0 0
1 0 0 0
1 0 0 0
1 0 0 0
1 0 0 0
1 0 0 0
1 0 0 0
1 0 0 0
1 0 0 0
1 0 0 0
1 0 0 0
1 0 0 0
1 0 0 0
1 0 0 0
1 0 0 0
1 0 0 0
1 0 0 0
1 0 0 0
1 0 0 0
1 0 0 0
1 0 0 0
1 0 0 0
1 0 0 0
0.9722257 0.0277743 0 0
1 0 0 0
0.9575521 0.04244786 0 0
0.7957833 0.2042167 0 0
1 0 0 0
1 0 0 0
1 0 0 0
1 0 0 0
1 0 0 0
1 0 0 0
1 0 0 0
1 0 0 0
0.9559832 0.04401686 0 0
0.860307 0.1396931 0 0
0.8413918 0.1586082 0 0
0.6084529 0.3915471 0 0
0.7229326 0.2770674 0 0
0.5949876 0.4050124 0 0
128
13 1 1 1
13 1 1 1
13 1 1 1
13 1 1 1
13 1 1 1
13 8 1 1
8 5 1 1
8 5 1 1
8 5 1 1
8 5 1 1
8 5 1 1
8 5 1 1
14 1 1 1
14 1 1 1
14 1 1 1
14 1 1 1
14 1 1 1
14 9 1 1
9 6 1 1
9 6 1 1
9 6 1 1
9 6 1 1
9 6 1 1
9 6 1 1
1 4 1 1
4 1 1 1
1 4 1 1
4 1 1 1
1 4 1 1
4 1 1 1
1 4 1 1
4 1 1 1
1 4 1 1
4 1 1 1
1 4 1 1
4 1 1 1
4 7 1 1
4 1 1 1
4 1 1 1
4 7 1 1
4 1 1 1
7 4 1 1
7 4 1 1
4 11 1 1
4 11 1 1
7 4 1 1
4 7 1 1
7 4 1 1
4 7 12 1
7 4 1 1
7 4 1 1
4 1 1 1
4 1 1 1
4 1 1 1
7 4 1 1
7 4 1 1
4 1 1 1
4 1 1 1
4 1 1 1
4 1 1 1
1 4 1 1
1 4 1 1
4 11 1 1
4 11 1 1
7 4 1 1
4 11 1 1
4 11 1 1
4 1 1 1
4 1 1 1
4 1 1 1
4 11 1 1
4 11 1 1
4 1 1 1
1 4 1 1
4 1 1 1
4 1 1 1
1 4 1 1
4 1 1 1
4 1 1 1
4 1 1 1
1 4 1 1
10 4 1 1
4 11 1 1
10 4 1 1
10 4 1 1
10 4 1 1
4 10 15 1
10 4 1 1
10 4 1 1
4 10 1 1
10 4 1 1
4 10 1 1
4 1 1 1
4 1 1 1
1 4 1 1
4 1 1 1
4 1 1 1
1 4 1 1
4 1 1 1
4 10 1 1
4 1 1 1
10 4 1 1
10 4 1 1
4 11 1 1
4 11 1 1
0 1 1 1
0 1 1 1
0 1 1 1
0 1 1 1
0 1 1 1
0 2 1 1
0 2 1 1
2 0 1 1
0 1 1 1
0 2 1 1
2 0 1 1
1 0 1 1
1 0 1 1
1 4 1 1
0 2 1 1
0 1 1 1
1 0 1 1
1 4 1 1
1 0 4 1
1 4 1 1
1 0 1 1
1 0 4 1
1 4 1 1
1 4 1 1
1 0 1 1
1 0 4 1
1 4 1 1
0 1 1 1
0 2 1 1
2 0 1 1
1 0 1 1
0 1 1 1
0 1 1 1
2 0 1 1
2 0 1 1
1 0 1 1
1 4 1 1
1 0 1 1
0 1 1 1
0 1 1 1
0 1 1 1
0 1 1 1
0 1 1 1
2 0 1 1
2 0 1 1
0 1 1 1
0 1 1 1
0 1 1 1
0 2 1 1
0 2 1 1
0 2 1 1
2 0 1 1
2 0 1 1
0 2 1 1
2 0 1 1
2 0 1 1
2 0 1 1
2 0 1 1
2 5 1 1
2 0 1 1
2 0 1 1
2 0 1 1
2 5 1 1
2 5 1 1
2 5 1 1
2 5 1 1
2 5 1 1
2 5 1 1
2 5 1 1
2 5 1 1
5 2 1 1
2 5 1 1
2 5 1 1
5 2 1 1
5 2 1 1
5 2 1 1
2 0 1 1
2 5 1 1
2 5 1 1
2 5 1 1
2 5 1 1
2 5 1 1
2 5 1 1
5 2 1 1
5 2 1 1
2 5 1 1
5 2 1 1
5 2 1 1
5 8 1 1
2 5 1 1
5 2 1 1
5 2 1 1
5 8 1 1
5 8 1 1
2 5 1 1
5 2 1 1
5 2 1 1
5 2 1 1
5 8 1 1
5 2 1 1
5 2 1 1
5 8 1 1
8 13 1 1
8 13 1 1
5 8 1 1
5 2 1 1
5 8 1 1
8 5 13 1
8 13 1 1
5 8 1 1
5 8 1 1
8 13 1 1
5 8 1 1
5 8 1 1
5 8 1 1
5 8 1 1
5 8 1 1
5 8 1 1
8 5 1 1
5 8 1 1
8 5 1 1
8 5 1 1
8 13 1 1
13 8 1 1
13 8 1 1
13 8 1 1
13 1 1 1
13 1 1 1
13 1 1 1
13 1 1 1
13 1 1 1
13 8 1 1
13 1 1 1
13 1 1 1
13 8 1 1
13 8 1 1
8 5 1 1
8 5 1 1
8 5 1 1
5 8 1 1
5 8 1 1
8 5 1 1
5 8 1 1
8 5 1 1
5 8 1 1
5 8 1 1
5 8 1 1
19 17 1 1
19 17 1 1
19 17 1 1
19 17 1 1
19 1 1 1
19 17 1 1
17 19 1 1
17 19 1 1
19 1 1 1
22 19 1 1
19 17 1 1
19 17 1 1
19 17 1 1
19 22 1 1
22 1 1 1
22 1 1 1
22 1 1 1
22 1 1 1
22 1 1 1
22 1 1 1
22 19 1 1
22 19 1 1
19 22 1 1
19 22 1 1
19 22 1 1
19 22 1 1
23 19 1 1
23 19 1 1
23 1 1 1
23 1 1 1
23 1 1 1
23 1 1 1
23 1 1 1
23 1 1 1
23 19 1 1
23 19 1 1
19 21 1 1
19 21 1 1
19 21 1 1
19 21 1 1
21 19 1 1
19 17 1 1
21 19 1 1
21 19 1 1
21 19 1 1
21 1 1 1
21 1 1 1
21 1 1 1
21 1 1 1
21 19 1 1
21 1 1 1
21 19 1 1
21 19 1 1
19 17 1 1
19 17 1 1
19 17 1 1
19 21 1 1
19 17 1 1
19 17 1 1
19 17 1 1
19 17 1 1
19 17 1 1
19 1 1 1
19 1 1 1
19 1 1 1
22 19 1 1
22 19 1 1
22 1 1 1
22 1 1 1
19 1 1 1
22 19 1 1
22 1 1 1
22 1 1 1
22 19 1 1
19 22 1 1
19 1 1 1
19 22 1 1
19 1 1 1
23 19 1 1
23 19 1 1
23 1 1 1
23 1 1 1
23 1 1 1
23 19 1 1
23 1 1 1
23 19 1 1
19 21 1 1
19 21 1 1
19 21 1 1
21 19 1 1
21 19 1 1
21 1 1 1
21 1 1 1
21 1 1 1
21 1 1 1
13 8 1 1
8 5 1 1
8 5 1 1
13 1 1 1
17 12 1 1
17 19 1 1
19 17 1 1
17 12 1 1
12 17 1 1
17 19 1 1
17 12 1 1
12 17 1 1
17 12 1 1
19 17 1 1
12 17 1 1
12 17 1 1
17 12 1 1
17 12 1 1
19 17 1 1
17 12 1 1
19 17 1 1
17 12 1 1
17 12 1 1
19 17 1 1
17 12 1 1
17 12 1 1
19 17 1 1
17 12 1 1
12 17 1 1
12 17 1 1
12 17 1 1
12 17 1 1
12 17 1 1
12 17 1 1
12 17 1 1
12 17 1 1
12 17 1 1
12 17 1 1
12 17 1 1
12 17 1 1
7 12 1 1
12 17 1 1
7 12 1 1
7 4 1 1
7 4 1 1
7 12 1 1
12 17 1 1
12 17 1 1
7 12 1 1
7 12 1 1
4 1 1 1
4 7 1 1
7 12 1 1
7 4 1 1
7 4 1 1
7 12 1 1
7 4 1 1
7 12 1 1
7 12 1 1
7 4 1 1
7 12 1 1
7 12 1 1
7 4 1 1
7 4 1 1
12 17 1 1
7 12 1 1
7 4 12 1
7 12 1 1
7 4 1 1
0 1 1 1
0 1 1 1
0 1 1 1
0 1 1 1
0 1 1 1
0 3 1 1
0 3 1 1
3 0 1 1
0 1 1 1
0 3 1 1
3 0 1 1
1 0 1 1
1 0 1 1
1 4 1 1
0 3 1 1
0 1 1 1
1 0 1 1
1 4 1 1
1 0 4 1
1 4 1 1
1 0 1 1
1 0 4 1
1 4 1 1
1 4 1 1
1 0 1 1
1 0 4 1
1 4 1 1
0 1 1 1
0 3 1 1
3 0 1 1
0 1 1 1
1 0 1 1
0 1 1 1
3 0 1 1
3 0 1 1
1 0 1 1
1 4 1 1
1 0 1 1
0 1 1 1
0 1 1 1
0 1 1 1
0 1 1 1
0 1 1 1
3 0 1 1
3 0 1 1
0 1 1 1
0 1 1 1
0 1 1 1
0 3 1 1
0 3 1 1
0 3 1 1
3 0 1 1
3 0 1 1
0 3 1 1
3 0 1 1
3 0 1 1
3 0 1 1
3 0 1 1
3 6 1 1
3 0 1 1
3 0 1 1
3 0 1 1
3 6 1 1
3 6 1 1
3 6 1 1
3 6 1 1
3 6 1 1
3 6 1 1
3 6 1 1
3 6 1 1
6 3 1 1
3 6 1 1
3 6 1 1
6 3 1 1
6 3 1 1
6 3 1 1
3 0 1 1
3 6 1 1
3 6 1 1
3 6 1 1
3 6 1 1
3 6 1 1
3 6 1 1
3 6 1 1
6 3 1 1
3 6 1 1
3 6 1 1
6 3 1 1
6 9 1 1
3 6 1 1
3 6 1 1
6 3 1 1
6 9 1 1
6 9 1 1
3 6 1 1
3 6 1 1
6 3 1 1
6 3 1 1
6 9 1 1
6 3 1 1
6 3 1 1
6 9 1 1
9 14 1 1
9 14 1 1
6 9 1 1
6 3 1 1
6 9 1 1
9 6 14 1
9 14 1 1
6 9 1 1
6 9 1 1
9 14 1 1
6 9 1 1
6 9 1 1
6 9 1 1
6 9 1 1
6 9 1 1
6 9 1 1
9 6 1 1
6 9 1 1
9 6 1 1
9 6 1 1
9 14 1 1
14 9 1 1
14 9 1 1
14 9 1 1
14 1 1 1
14 1 1 1
14 1 1 1
14 1 1 1
14 1 1 1
14 9 1 1
14 1 1 1
14 1 1 1
14 9 1 1
14 9 1 1
9 6 1 1
9 6 1 1
9 6 1 1
6 9 1 1
6 9 1 1
9 6 1 1
6 9 1 1
9 6 1 1
6 9 1 1
6 9 1 1
6 9 1 1
20 18 1 1
20 18 1 1
20 18 1 1
20 18 1 1
20 1 1 1
20 18 1 1
18 20 1 1
18 20 1 1
20 1 1 1
25 20 1 1
20 18 1 1
20 18 1 1
20 18 1 1
20 25 1 1
25 1 1 1
25 1 1 1
25 1 1 1
25 1 1 1
25 1 1 1
25 1 1 1
25 20 1 1
25 20 1 1
20 25 1 1
20 25 1 1
20 25 1 1
20 25 1 1
26 20 1 1
26 20 1 1
26 1 1 1
26 1 1 1
26 1 1 1
26 1 1 1
26 1 1 1
26 1 1 1
26 20 1 1
26 20 1 1
20 24 1 1
20 24 1 1
20 24 1 1
20 24 1 1
24 20 1 1
20 18 1 1
24 20 1 1
24 20 1 1
24 20 1 1
24 1 1 1
24 1 1 1
24 1 1 1
24 1 1 1
24 20 1 1
24 1 1 1
24 20 1 1
24 20 1 1
20 18 1 1
20 18 1 1
20 18 1 1
20 24 1 1
20 18 1 1
20 18 1 1
20 18 1 1
20 18 1 1
20 18 1 1
20 1 1 1
20 1 1 1
20 1 1 1
25 20 1 1
25 20 1 1
25 1 1 1
25 1 1 1
20 1 1 1
25 20 1 1
25 1 1 1
25 1 1 1
25 20 1 1
20 25 1 1
20 1 1 1
20 25 1 1
20 1 1 1
26 20 1 1
26 20 1 1
26 1 1 1
26 1 1 1
26 1 1 1
26 20 1 1
26 1 1 1
26 20 1 1
20 24 1 1
20 24 1 1
20 24 1 1
24 20 1 1
24 20 1 1
24 1 1 1
24 1 1 1
24 1 1 1
24 1 1 1
9 6 1 1
9 6 1 1
14 9 1 1
14 1 1 1
18 20 1 1
18 15 1 1
20 18 1 1
18 15 1 1
18 20 1 1
15 18 1 1
18 15 1 1
20 18 1 1
18 15 1 1
15 18 1 1
18 15 1 1
20 18 1 1
15 18 1 1
15 18 1 1
18 15 1 1
18 15 1 1
20 18 1 1
18 15 1 1
18 15 1 1
20 18 1 1
18 15 1 1
18 15 1 1
20 18 1 1
18 15 1 1
15 18 1 1
15 18 1 1
15 18 1 1
15 18 1 1
15 18 1 1
15 18 1 1
15 18 1 1
15 18 1 1
15 18 1 1
15 18 1 1
15 18 1 1
15 18 1 1
15 18 1 1
10 15 1 1
10 15 1 1
10 4 1 1
10 4 1 1
10 15 1 1
15 18 1 1
15 18 1 1
10 15 1 1
10 15 1 1
4 1 1 1
4 10 1 1
10 15 1 1
10 4 1 1
10 4 1 1
10 15 1 1
10 4 1 1
10 15 1 1
10 15 1 1
10 4 1 1
10 15 1 1
10 15 1 1
10 4 1 1
10 4 1 1
15 18 1 1
10 15 1 1
10 4 15 1
10 15 1 1
10 4 1 1
16 1 1 1
16 1 1 1
16 1 1 1
16 1 1 1
16 1 1 1
16 1 1 1
16 1 1 1
16 1 1 1
16 1 1 1
16 1 1 1
16 1 1 1
16 1 1 1
16 1 1 1
16 1 1 1
16 1 1 1
16 1 1 1
16 1 1 1
16 1 1 1
16 1 1 1
16 1 1 1
16 1 1 1
16 1 1 1
16 1 1 1
16 1 1 1
16 1 1 1
16 1 1 1
16 1 1 1
16 1 1 1
16 1 1 1
16 1 1 1
16 1 1 1
16 1 1 1
16 1 1 1
16 1 1 1
16 1 1 1
16 1 1 1
16 1 1 1
16 1 1 1
16 1 1 1
16 1 1 1
16 1 1 1
16 1 1 1
16 1 1 1
16 1 1 1
16 1 1 1
16 1 1 1
16 1 1 1
16 1 1 1
16 1 1 1
16 1 1 1
16 1 1 1
16 1 1 1
16 1 1 1
16 1 1 1
16 1 1 1
16 1 1 1
16 1 1 1
16 1 1 1
16 1 1 1
16 1 1 1
16 1 1 1
16 1 1 1
16 1 1 1
16 1 1 1
16 1 1 1
16 1 1 1
16 1 1 1
16 1 1 1
16 1 1 1
16 1 1 1
16 1 1 1
16 1 1 1
16 1 1 1
16 1 1 1
16 1 1 1
16 1 1 1
16 1 1 1
16 1 1 1
16 1 1 1
16 1 1 1
16 1 1 1
16 1 1 1
16 1 1 1
16 1 1 1
16 1 1 1
16 1 1 1
16 1 1 1
16 1 1 1
16 1 1 1
16 1 1 1
16 1 1 1
16 1 1 1
16 11 1 1
16 11 1 1
11 16 1 1
16 11 1 1
16 11 1 1
11 16 1 1
16 11 1 1
16 1 1 1
16 1 1 1
16 1 1 1
16 1 1 1
16 4 1 1
16 1 1 1
16 1 1 1
16 1 1 1
16 4 1 1
16 1 1 1
16 1 1 1
16 11 1 1
16 11 1 1
16 11 1 1
16 11 1 1
16 11 1 1
16 11 1 1
16 4 1 1
16 1 1 1
16 1 1 1
16 4 1 1
16 1 1 1
16 1 1 1
16 1 1 1
4 11 1 1
4 11 1 1
11 4 1 1
11 16 1 1
4 11 1 1
16 11 1 1
16 11 1 1
11 16 1 1
11 16 1 1
16 11 1 1
11 16 1 1
4 11 1 1
16 11 1 1
4 11 1 1
11 4 1 1
11 16 1 1
4 11 1 1
16 11 1 1
4 11 1 1
11 16 1 1
11 16 1 1
16 11 1 1
11 16 1 1
4 11 1 1
11 4 1 1
16 11 1 1
4 11 1 1
16 1 1 1
16 1 1 1
16 1 1 1
16 1 1 1
16 1 1 1
16 1 1 1
16 1 1 1
16 1 1 1
16 1 1 1
16 1 1 1
16 1 1 1
16 1 1 1
16 1 1 1
16 1 1 1
16 1 1 1
16 1 1 1
16 1 1 1
16 1 1 1
16 1 1 1
16 1 1 1
16 1 1 1
16 1 1 1
16 1 1 1
16 1 1 1
16 1 1 1
16 1 1 1
16 1 1 1
16 1 1 1
16 1 1 1
16 1 1 1
16 1 1 1
16 1 1 1
16 1 1 1
16 1 1 1
16 1 1 1
16 1 1 1
16 1 1 1
16 1 1 1
16 1 1 1
16 1 1 1
16 1 1 1
16 1 1 1
16 1 1 1
16 1 1 1
16 1 1 1
16 1 1 1
16 1 1 1
16 1 1 1
16 1 1 1
16 1 1 1
16 1 1 1
16 1 1 1
16 1 1 1
16 1 1 1
16 1 1 1
16 1 1 1
16 1 1 1
16 1 1 1
16 1 1 1
16 1 1 1
16 1 1 1
16 1 1 1
16 1 1 1
16 1 1 1
16 1 1 1
16 1 1 1
16 1 1 1
16 1 1 1
16 1 1 1
16 11 1 1
16 11 1 1
16 11 1 1
16 11 1 1
16 11 1 1
11 16 1 1
16 11 1 1
16 11 1 1
16 11 1 1
16 1 1 1
16 1 1 1
16 1 1 1
16 1 1 1
16 1 1 1
16 1 1 1
16 1 1 1
16 1 1 1
16 1 1 1
16 1 1 1
16 1 1 1
16 1 1 1
16 1 1 1
16 1 1 1
16 1 1 1
16 1 1 1
16 1 1 1
16 1 1 1
16 1 1 1
16 1 1 1
16 1 1 1
16 1 1 1
16 1 1 1
16 1 1 1
16 1 1 1
16 1 1 1
16 1 1 1
16 1 1 1
16 1 1 1
16 1 1 1
16 1 1 1
16 1 1 1
16 1 1 1
16 1 1 1
16 1 1 1
16 1 1 1
16 1 1 1
16 1 1 1
16 1 1 1
16 1 1 1
16 1 1 1
16 1 1 1
16 1 1 1
16 1 1 1
16 1 1 1
16 1 1 1
16 1 1 1
16 1 1 1
16 1 1 1
16 1 1 1
16 1 1 1
16 1 1 1
16 1 1 1
16 1 1 1
16 1 1 1
16 1 1 1
16 1 1 1
16 1 1 1
16 1 1 1
16 1 1 1
16 1 1 1
16 1 1 1
16 1 1 1
16 1 1 1
16 1 1 1
16 1 1 1
16 1 1 1
16 1 1 1
16 1 1 1
16 1 1 1
16 1 1 1
16 1 1 1
16 1 1 1
16 1 1 1
16 1 1 1
16 1 1 1
16 1 1 1
16 1 1 1
16 1 1 1
16 1 1 1
16 1 1 1
16 1 1 1
16 1 1 1
16 1 1 1
16 1 1 1
16 1 1 1
16 1 1 1
16 1 1 1
16 1 1 1
16 1 1 1
16 1 1 1
16 1 1 1
16 1 1 1
16 1 1 1
16 1 1 1
16 1 1 1
16 1 1 1
16 1 1 1
16 1 1 1
16 11 1 1
16 1 1 1
16 11 1 1
16 11 1 1
16 1 1 1
16 1 1 1
16 1 1 1
16 1 1 1
16 1 1 1
16 1 1 1
16 1 1 1
16 1 1 1
16 11 1 1
16 11 1 1
16 11 1 1
16 11 1 1
16 11 1 1
11 16 1 1
512
27
basic_rig Pelvis
basic_rig Spine
basic_rig L Thigh
basic_rig R Thigh
basic_rig Spine1
basic_rig L Calf
basic_rig R Calf
basic_rig L Clavicle
basic_rig L Foot
basic_rig R Foot
basic_rig R Clavicle
basic_rig Neck
basic_rig L UpperArm
basic_rig L Toe0
basic_rig R Toe0
basic_rig UpperArm
basic_rig Head
basic_rig L Forearm
basic_rig R Forearm
basic_rig L Hand
basic_rig R Hand
basic_rig L Finger0
basic_rig L Finger2
basic_rig L Finger1
basic_rig R Finger0
basic_rig R Finger2
basic_rig R Finger1
1024
27
-1
0
0
0
1
2
3
4
5
6
4
4
7
8
9
10
11
12
15
17
18
19
19
19
20
20
20
2048
27
1.961098E-12 -1 -1.370907E-06 0
-2.801418E-06 -1.400709E-06 1 0
-1 0 -2.831221E-06 0
2.384967 0.2799285 -0.02977722 1

1.387928E-06 -0.9999997 -0.0007976888 0
1.360087E-06 -0.0007977186 0.9999997 0
-1 -1.389014E-06 1.329176E-06 0
2.384967 0.3332248 -0.02988229 1

0.01644665 0.9998318 0.00812266 0
0.00181173 -0.008153575 0.9999651 0
0.9998631 -0.01643136 -0.001945494 0
2.319147 0.2799284 -0.02977731 1

-0.01644962 0.9998318 0.008122614 0
-0.001814535 -0.00815358 0.9999651 0
0.9998631 0.01643431 0.001948383 0
2.450787 0.2799286 -0.02977712 1

1.387928E-06 -0.9999997 -0.0007976888 0
1.360087E-06 -0.0007977186 0.9999997 0
-1 -1.389014E-06 1.329176E-06 0
2.384967 0.4652814 -0.0298821 1

0.01642487 0.9714403 0.2367154 0
-0.001999596 -0.2367149 0.9715772 0
0.9998631 -0.01643136 -0.001945494 0
2.317035 0.1514928 -0.03082072 1

-0.0164284 0.9714403 0.2367153 0
0.001997544 -0.2367149 0.9715772 0
0.9998631 0.01643431 0.001948383 0
2.4529 0.1514929 -0.03082053 1

0.9659255 0.2588203 1.761209E-06 0
1.425907E-06 1.401931E-06 -0.9999999 0
-0.2588204 0.9659254 9.486365E-07 0
2.351148 0.5632379 -0.06204626 1

-1.391398E-06 1 1.375559E-06 0
-1.414199E-06 -1.398847E-06 1 0
1 1.393261E-06 1.444338E-06 0
2.315121 0.03828344 -0.05840697 1

-1.382085E-06 1 1.376491E-06 0
-1.41481E-06 -1.398847E-06 1 0
1 1.382085E-06 1.444673E-06 0
2.454815 0.03828362 -0.05840676 1

-0.9659262 0.2588176 -1.029168E-06 0
1.403322E-06 1.401931E-06 -0.9999999 0
-0.2588177 -0.9659261 -1.696368E-06 0
2.418786 0.563238 -0.06204616 1

1.505842E-06 -0.9961249 -0.08795036 0
1.486431E-06 -0.08795039 0.9961249 0
-1 -1.630741E-06 1.318429E-06 0
2.384967 0.5975036 -0.04125122 1

0.5694537 0.8218953 0.01450425 0
0.001483692 0.01661689 -0.9998608 0
-0.822022 0.569396 0.00824307 0
2.280492 0.5443057 -0.06204638 1

1.414592E-06 1.29547E-06 -1 0
-1.432376E-06 1 1.257282E-06 0
1 1.437964E-06 1.444469E-06 0
2.315121 -0.0002743006 -0.020193 1

1.414548E-06 1.29547E-06 -1 0
-1.341106E-06 1 1.258213E-06 0
1 1.335519E-06 1.444411E-06 0
2.454815 -0.0002741218 -0.0201928 1

-0.569456 0.8218938 0.01450261 0
-0.001480909 0.01661689 -0.9998608 0
-0.8220205 -0.5693983 -0.008245445 0
2.489442 0.5443059 -0.06204609 1

1.504819E-06 -0.9961947 -0.08715577 0
1.485231E-06 -0.0871558 0.9961947 0
-1 -1.628541E-06 1.318623E-06 0
2.384967 0.6487261 -0.03672865 1

0.5693068 0.8220519 -0.0109613 0
-0.01301759 -0.004317565 -0.9999058 0
-0.822022 0.569396 0.008243075 0
2.21876 0.4552078 -0.06361872 1

-0.5693091 0.8220503 -0.01096295 0
0.01302043 -0.00431753 -0.9999059 0
-0.8220205 -0.5693983 -0.00824545 0
2.551174 0.4552082 -0.06361824 1

0.4492486 0.8933539 -0.009706177 0
0.8933011 -0.4493361 -0.01048585 0
-0.01372896 -0.00395974 -0.9998978 0
2.155193 0.3634198 -0.06239481 1

-0.4492512 0.8933527 -0.009707476 0
-0.8933 -0.4493386 -0.01048843 0
-0.0137318 0.003959704 0.9998979 0
2.614742 0.3634204 -0.06239415 1

0.2776617 0.8269904 -0.4888668 0
0.9591735 -0.2671251 0.09290041 0
-0.05376088 -0.494703 -0.8673974 0
2.136959 0.3382278 -0.03537843 1

0.386 0.7560009 0.5286458 0
0.8933119 -0.4493329 -0.009689614 0
0.2302125 0.4759858 -0.8487872 0
2.119142 0.2888524 -0.08631691 1

0.4492486 0.893354 -0.009706177 0
0.8933119 -0.4493329 -0.009689614 0
-0.0130176 -0.004317555 -0.9999058 0
2.113771 0.2779022 -0.05314615 1

-0.2776627 0.8269896 -0.4888676 0
-0.9591728 -0.2671278 0.09289766 0
-0.05376471 0.4947028 0.8673974 0
2.632976 0.3382284 -0.03537771 1

-0.3860036 0.7559999 0.5286447 0
-0.8933107 -0.4493353 -0.009692194 0
0.2302115 -0.4759852 0.8487878 0
2.650794 0.2888531 -0.08631614 1

-0.4492512 0.8933527 -0.009707474 0
-0.8933107 -0.4493353 -0.009692195 0
-0.01302044 0.004317519 0.9999059 0
2.656164 0.2779028 -0.05314538 1

4096
27
1.961098E-12 -2.801418E-06 -1 0
-1 -1.400709E-06 0 0
-1.370907E-06 1 -2.831221E-06 0
0.2799285 0.0297843 2.384967 1

1.387928E-06 1.360087E-06 -1 0
-0.9999997 -0.0007977186 -1.389014E-06 0
-0.0007976888 0.9999997 1.329176E-06 0
0.3331976 0.03014486 2.384968 1

0.01644665 0.00181173 0.9998631 0
0.9998318 -0.008153575 -0.01643136 0
0.00812266 0.9999651 -0.001945494 0
-0.3177817 0.02785701 -2.314288 1

-0.01644962 -0.001814535 0.9998631 0
0.9998318 -0.00815358 0.01643431 0
0.008122614 0.9999651 0.001948383 0
-0.2393251 0.03650554 -2.454994 1

1.387928E-06 1.360087E-06 -1 0
-0.9999997 -0.0007977186 -1.389014E-06 0
-0.0007976888 0.9999997 1.329176E-06 0
0.4652541 0.03025001 2.384968 1

0.01642487 -0.001999596 0.9998631 0
0.9714403 -0.2367149 -0.01643136 0
0.2367154 0.9715772 -0.001945494 0
-0.1779274 0.07043844 -2.314288 1

-0.0164284 0.001997544 0.9998631 0
0.9714403 -0.2367149 0.01643431 0
0.2367153 0.9715772 0.001948383 0
-0.09957346 0.06090539 -2.454994 1

0.9659255 1.425907E-06 -0.2588204 0
0.2588203 1.401931E-06 0.9659254 0
1.761209E-06 -0.9999999 9.486365E-07 0
-2.416811 -0.06205038 0.06447917 1

-1.391398E-06 -1.414199E-06 1 0
1 -1.398847E-06 1.393261E-06 0
1.375559E-06 1 1.444338E-06 0
-0.03828014 0.05841029 -2.315121 1

-1.382085E-06 -1.41481E-06 1 0
1 -1.398847E-06 1.382085E-06 0
1.376491E-06 1 1.444673E-06 0
-0.03828017 0.05841029 -2.454815 1

-0.9659262 1.403322E-06 -0.2588177 0
0.2588176 1.401931E-06 -0.9659261 0
-1.029168E-06 -0.9999999 -1.696368E-06 0
2.190593 -0.06205033 1.170071 1

1.505842E-06 1.486431E-06 -1 0
-0.9961249 -0.08795039 -1.630741E-06 0
-0.08795036 0.9961249 1.318429E-06 0
0.5915565 0.09363849 2.384968 1

0.5694537 0.001483692 -0.822022 0
0.8218953 0.01661689 0.569396 0
0.01450425 -0.9998608 0.00824307 0
-1.745097 -0.07446595 1.5652 1

1.414592E-06 -1.432376E-06 1 0
1.29547E-06 1 1.437964E-06 0
-1 1.257282E-06 1.444469E-06 0
-0.02019629 0.0002776005 -2.315121 1

1.414548E-06 -1.341106E-06 1 0
1.29547E-06 1 1.335519E-06 0
-1 1.258213E-06 1.444411E-06 0
-0.02019629 0.0002773828 -2.454815 1

-0.569456 -0.001480909 -0.8220205 0
0.8218938 0.01661689 -0.5693983 0
0.01450261 -0.9998608 -0.008245445 0
0.971166 -0.06739547 2.355788 1

1.504819E-06 1.485231E-06 -1 0
-0.9961947 -0.0871558 -1.628541E-06 0
-0.08715577 0.9961947 1.318623E-06 0
0.6430528 0.09312558 2.384968 1

0.5693068 -0.01301759 -0.822022 0
0.8220519 -0.004317565 0.569396 0
-0.0109613 -0.9999058 0.008243075 0
-1.638057 -0.03276443 1.5652 1

-0.5693091 0.01302043 -0.8220205 0
0.8220503 -0.00431753 -0.5693983 0
-0.01096295 -0.9999059 -0.00824545 0
1.077505 -0.09486428 2.355788 1

0.4492486 0.8933011 -0.01372896 0
0.8933539 -0.4493361 -0.00395974 0
-0.009706177 -0.01048585 -0.9998978 0
-1.293486 -1.762593 -0.03136083 1

-0.4492512 -0.8933 -0.0137318 0
0.8933527 -0.4493386 0.003959704 0
-0.009707476 -0.01048843 0.9998979 0
0.8494076 2.498393 0.09685385 1

0.2776617 0.9591735 -0.05376088 0
0.8269904 -0.2671251 -0.494703 0
-0.4888668 0.09290041 -0.8673974 0
-0.890358 -1.956078 0.2515199 1

0.386 0.8933119 0.2302125 0
0.7560009 -0.4493329 0.4759858 0
0.5286458 -0.009689614 -0.8487872 0
-0.9907303 -1.7641 -0.6986072 1

0.4492486 0.8933119 -0.0130176 0
0.893354 -0.4493329 -0.004317555 0
-0.009706177 -0.009689614 -0.9999058 0
-1.198389 -1.763901 -0.02442507 1

-0.2776627 -0.9591728 -0.05376471 0
0.8269896 -0.2671278 0.4947028 0
-0.4888676 0.09289766 0.8673974 0
0.434073 2.619116 0.004925191 1

-0.3860036 -0.8933107 0.2302115 0
0.7559999 -0.4493353 -0.4759852 0
0.5286447 -0.009692194 0.8487878 0
0.8504733 2.496938 -0.3994891 1

-0.4492512 -0.8933107 -0.01302044 0
0.8933527 -0.4493353 0.004317519 0
-0.009707474 -0.009692195 0.9999059 0
0.9445038 2.497137 0.08652496 1

