MeshAnim
1
240
27
60
-1.495212E-06 -0.9898278 -0.1422713 0
-2.727262E-06 -0.1422713 0.9898278 0
-1 1.847744E-06 -2.473593E-06 0
2.384967 0.2710639 -0.02977769 1

-2.414666E-07 -0.9999794 0.006427422 0
1.108313E-06 0.006427422 0.9999794 0
-1 2.283163E-07 1.119939E-06 0
2.384967 0.3243594 -0.02988258 1

0.0006751695 0.990627 -0.1365941 0
-0.1375748 0.1353873 0.981195 0
0.9904912 0.01812945 0.1363767 0
2.319147 0.2710639 -0.02977776 1

-0.002660376 0.9909099 -0.1345026 0
0.1490638 0.1333934 0.979789 0
0.9888244 -0.01744285 -0.1480637 0
2.450787 0.2710639 -0.02977759 1

1.405157E-07 -0.9974325 -0.07161312 0
1.152616E-06 -0.07161312 0.9974325 0
-1 -2.429663E-07 1.152795E-06 0
2.384967 0.4564124 -0.0308365 1

-0.1525399 0.9054537 0.3960875 0
-0.2502562 -0.4231042 0.8708358 0
0.9560876 0.03371387 0.2911356 0
2.319061 0.1438106 -0.01223124 1

0.1623051 0.905142 0.3929064 0
0.2502726 -0.4229276 0.8709168 0
0.9544744 -0.0430205 -0.2951754 0
2.451129 0.1437742 -0.01249975 1

0.9295275 0.3678266 0.02611603 0
1.600108E-06 0.07081866 -0.9974893 0
-0.3687525 0.9271938 0.06582731 0
2.351148 0.5564009 -0.05598287 1

-4.860344E-07 1 5.364417E-06 0
-0.328391 -5.200505E-06 0.9445418 0
0.9445419 -1.270324E-06 0.328391 0
2.336771 0.03828879 -0.05841053 1

-6.332785E-08 1 4.500151E-06 0
0.313013 -4.291534E-06 0.9497489 0
0.9497492 1.482666E-06 -0.313013 0
2.432282 0.03828798 -0.05830892 1

-0.9295276 0.3678267 0.02611342 0
1.24248E-06 0.07081867 -0.9974893 0
-0.3687524 -0.9271938 -0.06582838 0
2.418787 0.5564009 -0.05598276 1

2.85709E-07 -0.9873955 -0.1582726 0
1.202153E-06 -0.1582726 0.9873955 0
-1 -4.926445E-07 1.154982E-06 0
2.384967 0.5891079 -0.03281343 1

0.2506084 0.9640018 0.08885863 0
-0.2937674 0.163186 -0.9418445 0
-0.9224404 0.2099303 0.3240883 0
2.283155 0.5294949 -0.05789321 1

0.328391 3.829598E-06 -0.9445421 0
-7.04284E-08 1 4.11272E-06 0
0.9445419 -1.262873E-06 0.328391 0
2.324222 -0.0002690852 -0.02231599 1

-0.313013 4.425645E-06 -0.9497488 0
-9.311627E-09 1 4.604459E-06 0
0.9497492 1.47894E-06 -0.313013 0
2.444243 -0.0002698302 -0.02201536 1

-0.250609 0.9640018 0.08885846 0
0.2937685 0.1631863 -0.9418442 0
-0.9224398 -0.2099307 -0.3240892 0
2.48678 0.5294951 -0.05789291 1

-3.649813E-07 -0.9994716 -0.03250333 0
1.346445E-06 -0.03250333 0.9994716 0
-1 3.007557E-07 1.370798E-06 0
2.384967 0.6398813 -0.0246748 1

0.181227 0.9658509 -0.1851732 0
-0.2010653 -0.1479245 -0.9683446 0
-0.9626679 0.2127222 0.1673912 0
2.255987 0.424992 -0.06752598 1

-0.1812262 0.9658512 -0.185173 0
0.2010666 -0.1479241 -0.9683443 0
-0.9626678 -0.2127215 -0.1673926 0
2.513947 0.4249923 -0.06752566 1

-0.01248364 0.9912006 -0.1317787 0
0.9998497 0.0139603 0.01028746 0
0.01203661 -0.1316304 -0.991226 0
2.235903 0.3171104 -0.04689772 1

0.01248433 0.9912007 -0.1317789 0
-0.9998498 0.01396064 0.01028454 0
0.0120338 0.1316307 0.991226 0
2.534028 0.3171143 -0.04687437 1

-0.1384691 0.9046299 -0.4030773 0
0.966975 0.2114294 0.1423279 0
0.2139764 -0.3700575 -0.9040309 0
2.230717 0.2898599 -0.01644238 1

-0.2077407 0.8782112 0.4308004 0
0.9702073 0.2411168 -0.02367673 0
-0.1246664 0.413047 -0.9021368 0
2.238783 0.2320273 -0.0604927 1

-0.4492671 0.8854607 -0.1188203 0
0.8933226 0.4435161 -0.07258347 0
-0.0115711 -0.1387541 -0.9902593 0
2.238316 0.2239674 -0.0260852 1

0.1384707 0.9046299 -0.4030768 0
-0.9669753 0.2114297 0.1423248 0
0.2139737 0.3700574 0.9040316 0
2.539213 0.2898638 -0.01641902 1

0.2077404 0.878211 0.4308008 0
-0.9702072 0.2411177 -0.02367912 0
-0.1246689 -0.4130467 0.9021366 0
2.531147 0.2320311 -0.06046933 1

0.449268 0.8854606 -0.1188192 0
-0.8933222 0.4435166 -0.07258503 0
-0.01157286 0.138754 0.9902595 0
2.531614 0.2239713 -0.02606184 1

-1.495212E-06 -0.9898278 -0.142271 0
-2.727262E-06 -0.1422711 0.9898278 0
-1 1.788139E-06 -2.592802E-06 0
2.384967 0.2710559 -0.02977628 1

-2.368872E-07 -0.9999807 0.006216839 0
1.167528E-06 0.00621675 0.9999807 0
-1 1.642672E-07 1.060025E-06 0
2.384967 0.3243515 -0.02988118 1

0.0007027014 0.9906147 -0.1366843 0
-0.1375821 0.1354802 0.981181 0
0.9904904 0.01811591 0.1363861 0
2.319147 0.2710559 -0.02977636 1

-0.002687077 0.990899 -0.1345831 0
0.1490704 0.1334767 0.9797766 0
0.9888232 -0.01742953 -0.1480722 0
2.450787 0.2710559 -0.02977618 1

-2.308113E-07 -0.9974173 -0.07182314 0
1.165121E-06 -0.07182323 0.9974173 0
-1 6.66588E-08 1.072681E-06 0
2.384967 0.4564048 -0.03080729 1

-0.1525692 0.9054005 0.3961983 0
-0.2502447 -0.423219 0.8707832 0
0.9560862 0.0337082 0.2911418 0
2.319057 0.1438042 -0.01221826 1

0.1623375 0.9050876 0.3930187 0
0.2502582 -0.4230445 0.8708642 0
0.9544725 -0.04301768 -0.2951813 0
2.451132 0.1437676 -0.012488 1

0.9295278 0.3678209 0.02619356 0
1.585212E-06 0.07102878 -0.9974744 0
-0.3687521 0.9271801 0.06602251 0
2.351148 0.5563985 -0.0559326 1

-1.237864E-06 1 1.302361E-05 0
-0.3283935 -1.27852E-05 0.944541 0
0.9445412 -3.054738E-06 0.3283936 0
2.336771 0.03828856 -0.05841043 1

-1.205591E-06 1 2.965329E-06 0
0.3130147 -2.533197E-06 0.9497484 0
0.9497486 2.17557E-06 -0.3130146 0
2.432281 0.03828776 -0.05831021 1

-0.9295275 0.3678214 0.0261908 0
1.224615E-06 0.07102881 -0.9974744 0
-0.3687527 -0.9271799 -0.06602363 0
2.418787 0.5563986 -0.0559325 1

-8.529537E-08 -0.9873622 -0.1584805 0
1.182247E-06 -0.1584806 0.9873622 0
-1 -1.830196E-07 1.074816E-06 0
2.384967 0.5891006 -0.03275628 1

0.2505451 0.9641215 0.08773517 0
-0.2942953 0.1621869 -0.9418525 0
-0.9222893 0.2101562 0.3243714 0
2.283155 0.529493 -0.05784862 1

0.3283934 1.198053E-05 -0.944541 0
-9.770331E-07 1 1.226365E-05 0
0.9445413 -3.043562E-06 0.3283935 0
2.324221 -0.0002696216 -0.02231622 1

-0.3130148 2.607703E-06 -0.9497485 0
-1.176022E-06 1 2.995132E-06 0
0.9497486 2.17557E-06 -0.3130147 0
2.444243 -0.0002700388 -0.02201662 1

-0.2509756 0.9638836 0.08910647 0
0.2932228 0.1634303 -0.941972 0
-0.9225137 -0.2102839 -0.3236497 0
2.48678 0.5294931 -0.05784829 1

-1.750752E-07 -0.9994709 -0.03252888 0
1.387494E-06 -0.03252897 0.9994709 0
-1 4.997514E-08 1.286447E-06 0
2.384967 0.6398723 -0.02460696 1

0.181299 0.96575 -0.1856288 0
-0.1987432 -0.1488816 -0.9686773 0
-0.9631364 0.2125124 0.1649441 0
2.255994 0.4249771 -0.06735957 1

-0.1808423 0.9654932 -0.1874005 0
0.198574 -0.1507742 -0.9684191 0
-0.9632571 -0.212344 -0.1644556 0
2.513987 0.4250031 -0.06750792 1

-0.01269542 0.9904575 -0.1372347 0
0.9997839 0.01483489 0.01457619 0
0.01647285 -0.1370199 -0.9904315 0
2.235903 0.3171065 -0.04668048 1

0.01308576 0.9902067 -0.1389954 0
-0.9997846 0.01519589 0.01413133 0
0.0161053 0.1387805 0.9901923 0
2.534029 0.3171661 -0.04660667 1

-0.1374253 0.9023064 -0.4086047 0
0.9661755 0.2129935 0.1453932 0
0.2182191 -0.3748029 -0.9010568 0
2.230606 0.2900181 -0.01609993 1

-0.2103193 0.8803753 0.4250943 0
0.9701097 0.2417786 -0.02075523 0
-0.1210511 0.4080229 -0.9049112 0
2.23891 0.2319529 -0.05979861 1

-0.4494473 0.8844321 -0.1256069 0
0.8932785 0.4438454 -0.07110003 0
-0.007133248 -0.1441576 -0.9895291 0
2.2383 0.2240801 -0.02535004 1

0.1378994 0.9015301 -0.4101553 0
-0.9661641 0.2135763 0.1446085 0
0.2179685 0.3763357 0.9004784 0
2.539305 0.2901306 -0.01597566 1

0.2104384 0.8810613 0.4236115 0
-0.9700192 0.2420668 -0.02159188 0
-0.1215659 -0.4063677 0.9055867 0
2.530999 0.2319903 -0.05957417 1

0.4497971 0.8840558 -0.1269958 0
-0.8930993 0.4440174 -0.07226414 0
-0.00749695 0.145924 0.9892676 0
2.531593 0.2241789 -0.02511139 1

-1.435607E-06 -0.9898277 -0.142271 0
-2.727262E-06 -0.142271 0.9898276 0
-0.9999999 1.847744E-06 -2.44379E-06 0
2.384967 0.2710403 -0.02977357 1

-1.822303E-07 -0.9999819 0.006002799 0
1.099027E-06 0.006002843 0.9999819 0
-0.9999999 2.275538E-07 1.149398E-06 0
2.384967 0.3243359 -0.02987846 1

0.0007558583 0.9905906 -0.1368565 0
-0.1375959 0.1356579 0.9811545 0
0.9904881 0.01808926 0.1364037 0
2.319147 0.2710403 -0.02977364 1

-0.002741868 0.9908765 -0.1347457 0
0.1490842 0.1336454 0.9797514 0
0.9888207 -0.01740215 -0.1480905 0
2.450787 0.2710403 -0.02977348 1

2.002961E-07 -0.9974019 -0.07203662 0
1.14798E-06 -0.07203659 0.9974018 0
-0.9999999 -2.437426E-07 1.182053E-06 0
2.384967 0.4563894 -0.03077631 1

-0.1526253 0.9052971 0.3964122 0
-0.2502227 -0.4234402 0.8706818 0
0.9560826 0.0336967 0.2911535 0
2.31905 0.1437917 -0.01219342 1

0.1623992 0.9049828 0.3932337 0
0.2502328 -0.4232686 0.8707624 0
0.9544684 -0.0430112 -0.2951949 0
2.451139 0.1437549 -0.01246441 1

0.9295274 0.3678155 0.0262724 0
1.806916E-06 0.07124223 -0.9974589 0
-0.3687526 0.9271657 0.066221 0
2.351148 0.5563884 -0.05588022 1

-4.370278E-06 1 3.409385E-05 0
-0.3283982 -3.360212E-05 0.9445393 0
0.9445394 -7.092953E-06 0.3283981 0
2.336771 0.03828816 -0.05841045 1

-5.013385E-06 1 -1.236804E-06 0
0.3130197 2.756715E-06 0.9497466 0
0.9497467 4.328787E-06 -0.3130198 0
2.432281 0.03828727 -0.05831162 1

-0.9295275 0.3678156 0.02626929 0
1.54603E-06 0.07124201 -0.9974589 0
-0.3687523 -0.9271657 -0.06622202 0
2.418787 0.5563885 -0.05588011 1

3.456659E-07 -0.9873282 -0.1586918 0
1.202746E-06 -0.1586918 0.9873281 0
-0.9999999 -4.934219E-07 1.184135E-06 0
2.384967 0.5890856 -0.03269689 1

0.2504798 0.9642386 0.0866244 0
-0.2948163 0.1611982 -0.9418589 0
-0.9221404 0.2103784 0.3246503 0
2.283155 0.5294832 -0.05780199 1

0.3283981 3.227592E-05 -0.9445395 0
-3.949026E-06 1 3.285705E-05 0
0.9445394 -7.089227E-06 0.328398 0
2.324221 -0.0002707839 -0.0223171 1

-0.3130198 -2.69711E-06 -0.9497465 0
-4.988938E-06 1 -1.207001E-06 0
0.9497467 4.321337E-06 -0.3130199 0
2.444243 -0.0002703071 -0.02201793 1

-0.2513389 0.9637668 0.0893435 0
0.2926919 0.1636651 -0.9420962 0
-0.9225833 -0.2106351 -0.3232221 0
2.48678 0.5294834 -0.05780166 1

-2.728445E-07 -0.9994691 -0.03257996 0
9.669167E-07 -0.03257992 0.999469 0
-0.9999999 2.799272E-07 1.026777E-06 0
2.384967 0.6398556 -0.0245367 1

0.1813625 0.965648 -0.1860955 0
-0.1964553 -0.1498435 -0.9689953 0
-0.9635937 0.2122989 0.1625308 0
2.256001 0.4249547 -0.06719253 1

-0.1804662 0.9651336 -0.1896026 0
0.1961273 -0.1535862 -0.9684757 0
-0.9638287 -0.2119633 -0.161572 0
2.514027 0.4250061 -0.06748697 1

-0.0128861 0.9896934 -0.1426214 0
0.9997 0.01572442 0.01879204 0
0.020841 -0.1423365 -0.989599 0
2.235905 0.3170951 -0.04646135 1

0.0136562 0.9891747 -0.1461058 0
-0.9997043 0.01644565 0.01790039 0
0.02010948 0.1458182 0.9891069 0
2.534031 0.3172105 -0.04633867 1

-0.1363779 0.8999816 -0.4140461 0
0.9653727 0.2145571 0.148394 0
0.2223884 -0.379471 -0.8980789 0
2.230497 0.2901675 -0.01575837 1

-0.2128401 0.88248 0.4194381 0
0.969999 0.2424504 -0.01788859 0
-0.1174793 0.4030469 -0.9076079 0
2.239035 0.2318746 -0.05910756 1

-0.4496002 0.8833779 -0.1322995 0
0.8932258 0.4441809 -0.06965081 0
-0.002763125 -0.1494883 -0.9887596 0
2.238283 0.224187 -0.02462002 1

0.1373155 0.8984237 -0.417108 0
-0.9653547 0.2157125 0.1468276 0
0.2218889 0.3824956 0.8969183 0
2.539396 0.2903879 -0.01553626 1

0.2130715 0.8838167 0.4164957 0
-0.9698237 0.2430218 -0.01955554 0
-0.1185009 -0.3997605 0.9089273 0
2.530855 0.2319479 -0.05868634 1

0.4502914 0.8826103 -0.1350432 0
-0.8928747 0.4445174 -0.0719652 0
-0.003488085 0.1529821 0.9882227 0
2.531574 0.2243817 -0.02417126 1

-7.799558E-07 -0.9898278 -0.1422714 0
-2.548448E-06 -0.1422715 0.9898278 0
-1 1.132488E-06 -2.413988E-06 0
2.384967 0.2710174 -0.02976956 1

4.643348E-07 -0.9999834 0.00578545 0
1.599126E-06 0.005785391 0.9999833 0
-1 -4.571806E-07 1.599358E-06 0
2.384967 0.3243131 -0.02987443 1

0.0008329505 0.990556 -0.1371072 0
-0.1376164 0.1359162 0.9811161 0
0.9904853 0.01805097 0.13643 0
2.319147 0.2710174 -0.02976963 1

-0.002825118 0.9908435 -0.1349881 0
0.1491048 0.133897 0.979714 0
0.9888176 -0.01735955 -0.1481177 0
2.450787 0.2710175 -0.02976947 1

4.345985E-07 -0.9973863 -0.07225345 0
1.650114E-06 -0.07225351 0.9973863 0
-1 -5.547942E-07 1.611971E-06 0
2.384967 0.4563668 -0.03074357 1

-0.1527083 0.9051459 0.3967257 0
-0.2501905 -0.4237651 0.8705332 0
0.9560779 0.03368065 0.2911713 0
2.319041 0.1437732 -0.0121572 1

0.1624882 0.9048307 0.3935472 0
0.2501969 -0.4235952 0.8706141 0
0.9544629 -0.04300018 -0.295215 0
2.45115 0.1437363 -0.01242927 1

0.9295276 0.3678101 0.02635175 0
1.106831E-06 0.07145911 -0.997444 0
-0.3687525 0.9271515 0.06642274 0
2.351148 0.5563713 -0.05582572 1

-1.013253E-05 1 6.479023E-05 0
-0.3284057 -6.471574E-05 0.9445369 0
0.9445369 -1.173466E-05 0.3284057 0
2.336771 0.03828731 -0.05841068 1

-1.186362E-05 1 -8.62779E-06 0
0.3130274 1.186132E-05 0.9497443 0
0.9497443 8.594245E-06 -0.3130274 0
2.432281 0.03828636 -0.05831292 1

-0.9295279 0.3678096 0.02634966 0
1.042046E-06 0.07145896 -0.9974437 0
-0.3687521 -0.9271517 -0.06642345 0
2.418787 0.5563715 -0.05582565 1

5.353128E-07 -0.9872937 -0.1589065 0
1.72339E-06 -0.1589065 0.9872937 0
-1 -8.044738E-07 1.613998E-06 0
2.384967 0.5890634 -0.0326353 1

0.2504149 0.9643539 0.08552654 0
-0.2953306 0.160221 -0.9418651 0
-0.9219938 0.2105981 0.3249249 0
2.283154 0.5294663 -0.05775332 1

0.3284057 6.331503E-05 -0.944537 0
-9.673908E-06 1 6.346403E-05 0
0.9445369 -1.172349E-05 0.3284056 0
2.324221 -0.0002728403 -0.02231861 1

-0.3130274 -1.171231E-05 -0.949744 0
-1.180541E-05 1 -8.493679E-06 0
0.9497443 8.583069E-06 -0.3130275 0
2.444244 -0.0002708733 -0.02201904 1

-0.2516969 0.9636527 0.08957065 0
0.2921748 0.1638916 -0.9422175 0
-0.9226497 -0.2109828 -0.322806 0
2.48678 0.5294666 -0.05775309 1

5.416372E-07 -0.9994668 -0.03265579 0
1.473149E-06 -0.03265585 0.9994668 0
-1 -5.915605E-07 1.452248E-06 0
2.384967 0.6398317 -0.02446408 1

0.1814201 0.9655456 -0.1865724 0
-0.1942033 -0.1508082 -0.9693002 0
-0.9640394 0.2120832 0.1601524 0
2.256008 0.4249251 -0.0670248 1

-0.180096 0.964773 -0.1917782 0
0.1937265 -0.1563589 -0.9685156 0
-0.9643837 -0.2115781 -0.1587424 0
2.514066 0.4250014 -0.067463 1

-0.01305411 0.988911 -0.1479372 0
0.9995989 0.01662641 0.02293463 0
0.02513987 -0.1475783 -0.9887313 0
2.235907 0.3170766 -0.04624045 1

0.01419852 0.9881078 -0.1531067 0
-0.9996103 0.01770942 0.02159116 0
0.02404576 0.1527404 0.9879742 0
2.534034 0.3172472 -0.04607063 1

-0.1353262 0.8976585 -0.4194005 0
0.9645686 0.2161176 0.1513309 0
0.226483 -0.3840613 -0.8950995 0
2.23039 0.2903083 -0.0154178 1

-0.2153013 0.8845264 0.4138344 0
0.9698767 0.2431304 -0.01507676 0
-0.1139514 0.3981223 -0.9102279 0
2.239157 0.2317926 -0.05841982 1

-0.4497249 0.8823013 -0.1388963 0
0.8931658 0.4445212 -0.06823549 0
0.001538064 -0.1547446 -0.9879537 0
2.238264 0.2242879 -0.02389535 1

0.1367218 0.8953145 -0.4239334 0
-0.9645471 0.217838 0.1489828 0
0.225735 0.3885344 0.8933561 0
2.539485 0.2906356 -0.01510107 1

0.215642 0.8864778 0.4094582 0
-0.9696207 0.2439827 -0.01757014 0
-0.1154762 -0.3932301 0.91216 0
2.530715 0.2319036 -0.05780645 1

0.4507542 0.8811266 -0.1429581 0
-0.8926483 0.4450174 -0.07168759 0
0.0004529732 0.1599248 0.9871293 0
2.531558 0.2245792 -0.02324202 1

-1.85284E-06 -0.9898278 -0.1422712 0
-2.965681E-06 -0.1422712 0.9898278 0
-1 2.264977E-06 -2.712011E-06 0
2.384967 0.2709873 -0.02976427 1

-5.944814E-07 -0.9999846 0.005565375 0
1.399972E-06 0.005565345 0.9999846 0
-1 6.11317E-07 1.356538E-06 0
2.384967 0.324283 -0.02986914 1

0.0009359714 0.9905105 -0.1374354 0
-0.1376437 0.1362549 0.9810652 0
0.9904816 0.01799886 0.136465 0
2.319147 0.2709873 -0.02976435 1

-0.00293283 0.9907994 -0.1353079 0
0.1491316 0.1342287 0.9796644 0
0.9888131 -0.0173055 -0.1481531 0
2.450787 0.2709872 -0.02976416 1

-2.017978E-07 -0.9973704 -0.07247295 0
1.042737E-06 -0.07247298 0.9973704 0
-1 1.347503E-07 1.014516E-06 0
2.384968 0.4563369 -0.03070922 1

-0.1528154 0.9049482 0.3971352 0
-0.2501497 -0.4241889 0.8703386 0
0.9560717 0.03365789 0.2911951 0
2.319027 0.143749 -0.01210977 1

0.162606 0.9046312 0.3939567 0
0.2501483 -0.4240221 0.8704202 0
0.9544554 -0.04298797 -0.2952404 0
2.451164 0.1437117 -0.01238287 1

0.9295277 0.3678036 0.02643345 0
1.904185E-06 0.07167865 -0.9974279 0
-0.3687522 0.9271369 0.06662654 0
2.351148 0.556347 -0.05576938 1

-1.683536E-05 1 0.0001028031 0
-0.3284158 -0.000102669 0.9445333 0
0.9445335 -1.788512E-05 0.3284158 0
2.33677 0.03828612 -0.05841083 1

-1.839238E-05 1 -1.926723E-05 0
0.3130367 2.400577E-05 0.9497411 0
0.9497411 1.145154E-05 -0.3130367 0
2.432281 0.03828506 -0.05831409 1

-0.9295275 0.3678044 0.02642951 0
2.170456E-06 0.0716783 -0.9974279 0
-0.3687527 -0.9271366 -0.06662773 0
2.418787 0.556347 -0.05576927 1

-4.572564E-08 -0.9872587 -0.1591237 0
1.062859E-06 -0.1591238 0.9872587 0
-1 -1.149295E-07 1.016488E-06 0
2.384968 0.5890339 -0.03257175 1

0.2503484 0.9644664 0.08444172 0
-0.2958364 0.1592542 -0.94187 0
-0.9218495 0.2108147 0.3251932 0
2.283155 0.5294425 -0.05770295 1

0.3284157 0.0001013875 -0.9445333 0
-1.641044E-05 1 0.0001015514 0
0.9445335 -1.786649E-05 0.3284157 0
2.324221 -0.0002754629 -0.02232038 1

-0.3130368 -2.394617E-05 -0.949741 0
-1.836048E-05 1 -1.920762E-05 0
0.9497411 1.143664E-05 -0.3130368 0
2.444244 -0.0002717078 -0.02201992 1

-0.2520487 0.9635404 0.08978575 0
0.2916744 0.1641078 -0.9423348 0
-0.9227119 -0.211326 -0.3224033 0
2.48678 0.5294428 -0.05770253 1

-8.98314E-07 -0.9994633 -0.03275556 0
1.246713E-06 -0.03275558 0.9994633 0
-1 8.660491E-07 1.235363E-06 0
2.384968 0.6398003 -0.02438935 1

0.1814709 0.9654416 -0.1870589 0
-0.1919849 -0.151776 -0.9695907 0
-0.964474 0.211865 0.1578072 0
2.256016 0.4248893 -0.06685687 1

-0.1797307 0.9644111 -0.1939289 0
0.1913722 -0.1590939 -0.968538 0
-0.9649215 -0.2111886 -0.1559675 0
2.514104 0.4249898 -0.06743579 1

-0.01320122 0.98811 -0.153181 0
0.9994814 0.01753975 0.02700572 0
0.02937121 -0.1527451 -0.987829 0
2.23591 0.3170522 -0.04601825 1

0.0147147 0.9870078 -0.1599984 0
-0.9995021 0.01898641 0.0252024 0
0.02791281 0.1595479 0.9867956 0
2.534035 0.3172771 -0.04580222 1

-0.1342711 0.8953371 -0.4246677 0
0.9637628 0.2176742 0.1542057 0
0.2305051 -0.3885736 -0.8921201 0
2.230286 0.2904416 -0.01507868 1

-0.2177055 0.8865147 0.4082845 0
0.9697428 0.2438175 -0.01231792 0
-0.1104669 0.3932493 -0.9127719 0
2.239277 0.2317081 -0.05773597 1

-0.4498234 0.8812028 -0.1453973 0
0.8930988 0.4448654 -0.0668521 0
0.005771894 -0.1599258 -0.9871123 0
2.238246 0.2243839 -0.0231766 1

0.1361207 0.8922037 -0.4306318 0
-0.9637418 0.2199521 0.1510729 0
0.2295063 0.3944536 0.8897943 0
2.539574 0.2908744 -0.01466969 1

0.2181507 0.8890467 0.4025003 0
-0.9694099 0.2449491 -0.01563685 0
-0.1124939 -0.3867765 0.9152864 0
2.530579 0.2318581 -0.0569342 1

0.4511869 0.8796067 -0.1507403 0
-0.8924192 0.4455174 -0.07143257 0
0.004324916 0.1667528 0.9859894 0
2.531543 0.2247723 -0.02232326 1

-1.852839E-06 -0.9898278 -0.1422715 0
-2.727262E-06 -0.1422715 0.9898278 0
-1 2.145767E-06 -2.533198E-06 0
2.384967 0.2709502 -0.02975773 1

-5.5916E-07 -0.9999858 0.005342007 0
1.635462E-06 0.005341917 0.9999858 0
-1 4.916524E-07 1.535167E-06 0
2.384967 0.324246 -0.02986257 1

0.001060717 0.9904546 -0.1378369 0
-0.1376764 0.136669 0.9810029 0
0.990477 0.01793639 0.1365072 0
2.319147 0.2709503 -0.0297578 1

-0.003067059 0.9907451 -0.1357021 0
0.149165 0.1346378 0.9796034 0
0.9888078 -0.01723742 -0.1481973 0
2.450787 0.2709502 -0.02975763 1

-2.173388E-07 -0.9973542 -0.0726957 0
1.65337E-06 -0.07269579 0.9973542 0
-1 2.033437E-08 1.567511E-06 0
2.384967 0.4563 -0.03067316 1

-0.1529482 0.9047045 0.3976393 0
-0.2500978 -0.4247108 0.8700988 0
0.9560642 0.03363144 0.2912233 0
2.319011 0.1437191 -0.01205163 1

0.1627496 0.9043863 0.3944595 0
0.2500893 -0.4245459 0.8701818 0
0.9544466 -0.04297157 -0.295272 0
2.451181 0.1436817 -0.01232569 1

0.9295279 0.3677979 0.02651488 0
1.102095E-06 0.07190137 -0.9974119 0
-0.3687521 0.9271221 0.06683381 0
2.351148 0.5563157 -0.05571097 1

-2.786822E-05 1 0.0001458972 0
-0.3284265 -0.0001470298 0.9445295 0
0.94453 -2.15359E-05 0.3284265 0
2.33677 0.03828469 -0.05841126 1

-2.68296E-05 1 -3.115837E-05 0
0.3130481 3.790855E-05 0.9497374 0
0.9497375 1.580268E-05 -0.3130479 0
2.432281 0.03828368 -0.05831533 1

-0.9295275 0.3677983 0.02651302 0
7.372792E-07 0.0719014 -0.9974117 0
-0.3687528 -0.9271217 -0.06683456 0
2.418787 0.5563158 -0.05571089 1

-1.144273E-07 -0.9872231 -0.1593442 0
1.669813E-06 -0.1593443 0.9872231 0
-1 -2.293461E-07 1.569427E-06 0
2.384967 0.5889975 -0.03250606 1

0.2502818 0.964577 0.08337057 0
-0.2963361 0.1582996 -0.941874 0
-0.9217072 0.211028 0.3254583 0
2.283155 0.5294118 -0.05765049 1

0.3284264 0.0001461804 -0.9445296 0
-2.76092E-05 1 0.0001450777 0
0.94453 -2.1521E-05 0.3284264 0
2.324221 -0.0002786219 -0.02232261 1

-0.3130482 -3.787875E-05 -0.9497374 0
-2.679561E-05 1 -3.114347E-05 0
0.9497374 1.580641E-05 -0.3130481 0
2.444245 -0.0002725422 -0.02202084 1

-0.2523961 0.9634301 0.08999255 0
0.2911865 0.1643169 -0.942449 0
-0.9227712 -0.2116659 -0.3220108 0
2.48678 0.529412 -0.05765028 1

-6.700589E-07 -0.9994593 -0.03287978 0
1.489098E-06 -0.03287987 0.9994593 0
-1 5.444994E-07 1.413041E-06 0
2.384968 0.6397622 -0.02431232 1

0.1815153 0.9653373 -0.187554 0
-0.1898035 -0.152745 -0.9698679 0
-0.9648975 0.211644 0.1554986 0
2.256023 0.4248465 -0.06668831 1

-0.1793726 0.9640484 -0.1960512 0
0.1890629 -0.1617881 -0.9685451 0
-0.9654433 -0.2107965 -0.1532455 0
2.514141 0.424971 -0.06740595 1

-0.01332962 0.9872931 -0.1583503 0
0.9993489 0.01846473 0.03100127 0
0.03353107 -0.157834 -0.9868963 0
2.235913 0.3170207 -0.04579443 1

0.01520422 0.9858776 -0.1667764 0
-0.9993815 0.02027363 0.02873704 0
0.03171251 0.1662363 0.9855759 0
2.534037 0.3172998 -0.0455344 1

-0.1332164 0.8930209 -0.4298458 0
0.9629568 0.219227 0.1570157 0
0.2344519 -0.3930056 -0.8891451 0
2.230183 0.2905663 -0.01474067 1

-0.2200526 0.8884452 0.4027929 0
0.9695986 0.2445124 -0.009615256 0
-0.1070305 0.3884316 -0.9152408 0
2.239393 0.2316198 -0.05705602 1

-0.4498982 0.8800847 -0.1517985 0
0.8930249 0.4452152 -0.06550318 0
0.009934482 -0.1650295 -0.9862388 0
2.238227 0.2244738 -0.02246367 1

0.1355115 0.8890965 -0.4372005 0
-0.9629396 0.2220522 0.1531026 0
0.2332045 0.4002503 0.8862365 0
2.539661 0.2911037 -0.01424311 1

0.2205985 0.8915242 0.3956272 0
-0.969193 0.2459192 -0.01375184 0
-0.1095523 -0.3804055 0.918308 0
2.530447 0.2318109 -0.05607104 1

0.4515901 0.8780549 -0.1583866 0
-0.8921888 0.4460165 -0.07119551 0
0.008129695 0.1734619 0.984807 0
2.53153 0.22496 -0.02141637 1

-1.793235E-06 -0.9898276 -0.1422713 0
-3.08489E-06 -0.1422712 0.9898276 0
-0.9999999 2.264977E-06 -2.771616E-06 0
2.384967 0.2709065 -0.02974998 1

-5.528075E-07 -0.9999868 0.005115896 0
1.272638E-06 0.005115956 0.9999868 0
-0.9999999 6.104029E-07 1.296561E-06 0
2.384967 0.3242023 -0.02985483 1

0.001208059 0.9903882 -0.1383109 0
-0.137716 0.137158 0.9809291 0
0.9904711 0.01786256 0.1365579 0
2.319147 0.2709066 -0.02975007 1

-0.003225786 0.9906805 -0.1361687 0
0.1492035 0.135122 0.9795306 0
0.9888014 -0.01715715 -0.1482489 0
2.450787 0.2709064 -0.02974987 1

-1.826971E-07 -0.9973376 -0.07292122 0
1.292148E-06 -0.07292116 0.9973376 0
-0.9999999 1.390778E-07 1.328798E-06 0
2.384967 0.4562565 -0.03063557 1

-0.1531048 0.9044167 0.3982328 0
-0.2500362 -0.4253251 0.8698162 0
0.9560549 0.03360034 0.2912562 0
2.318992 0.1436839 -0.01198303 1

0.1629186 0.9040974 0.3950513 0
0.2500185 -0.4251623 0.8699009 0
0.9544362 -0.04295292 -0.295308 0
2.451202 0.1436463 -0.01225801 1

0.9295276 0.3677915 0.02659826 0
1.466371E-06 0.07212676 -0.9973953 0
-0.3687521 0.9271068 0.06704336 0
2.351148 0.5562778 -0.05565076 1

-3.974214E-05 0.9999999 0.0001893341 0
-0.3284394 -0.000191763 0.9445249 0
0.9445251 -2.466887E-05 0.3284394 0
2.33677 0.03828304 -0.05841161 1

-3.638278E-05 1 -4.699831E-05 0
0.31306 5.607307E-05 0.9497333 0
0.9497334 1.977384E-05 -0.31306 0
2.432281 0.03828198 -0.05831642 1

-0.9295275 0.3677923 0.02659598 0
1.092416E-06 0.07212681 -0.9973956 0
-0.3687526 -0.9271064 -0.06704429 0
2.418787 0.5562779 -0.05565067 1

-4.843525E-08 -0.987187 -0.1595674 0
1.312985E-06 -0.1595674 0.987187 0
-0.9999999 -1.106031E-07 1.330658E-06 0
2.384967 0.5889543 -0.03243845 1

0.2502148 0.964685 0.08231306 0
-0.2968276 0.1573565 -0.9418768 0
-0.921567 0.2112389 0.325718 0
2.283155 0.5293743 -0.05759639 1

0.3284394 0.0001905859 -0.9445251 0
-3.934888E-05 1 0.0001881718 0
0.9445251 -2.466142E-05 0.3284394 0
2.324221 -0.0002819598 -0.0223248 1

-0.31306 -5.599856E-05 -0.9497331 0
-3.635065E-05 0.9999999 -4.693871E-05 0
0.9497334 1.977384E-05 -0.3130601 0
2.444245 -0.0002735853 -0.02202148 1

-0.2527385 0.963322 0.09018863 0
0.290715 0.1645171 -0.9425597 0
-0.922826 -0.2120019 -0.3216321 0
2.48678 0.5293745 -0.05759612 1

-6.498448E-07 -0.9994544 -0.03302681 0
1.126932E-06 -0.03302675 0.9994544 0
-0.9999999 6.633632E-07 1.174547E-06 0
2.384967 0.6397171 -0.02423324 1

0.1815539 0.965232 -0.1880564 0
-0.1876557 -0.1537144 -0.9701324 0
-0.9653099 0.2114213 0.1532239 0
2.25603 0.4247973 -0.06651954 1

-0.17902 0.9636856 -0.1981458 0
0.1868014 -0.1644419 -0.9685371 0
-0.9659486 -0.2104014 -0.1505795 0
2.514179 0.4249452 -0.06737303 1

-0.01343901 0.9864609 -0.1634444 0
0.9992017 0.01939923 0.03492558 0
0.03762335 -0.1628447 -0.9859341 0
2.235918 0.316983 -0.04556955 1

0.01566977 0.9847197 -0.17344 0
-0.9992489 0.02157108 0.03219253 0
0.03544192 0.1728054 0.9843183 0
2.534039 0.3173153 -0.04526665 1

-0.1321604 0.8907107 -0.4349345 0
0.9621507 0.2207738 0.1597653 0
0.2383268 -0.397358 -0.8861754 0
2.230083 0.290683 -0.01440436 1

-0.2223446 0.8903188 0.3973606 0
0.969444 0.2452133 -0.00696456 0
-0.1036388 0.3836702 -0.917636 0
2.239508 0.2315284 -0.05638062 1

-0.4499491 0.8789482 -0.1581007 0
0.8929441 0.4455685 -0.06418457 0
0.01402981 -0.170055 -0.9853346 0
2.238208 0.2245582 -0.02175719 1

0.1348975 0.8859947 -0.4436395 0
-0.962141 0.2241385 0.1550699 0
0.2368278 0.4059252 0.8826878 0
2.539748 0.2913234 -0.01382074 1

0.2229862 0.8939123 0.3888422 0
-0.9689695 0.2468931 -0.01191735 0
-0.1066554 -0.3741185 0.9212275 0
2.530319 0.2317618 -0.05521658 1

0.451966 0.8764732 -0.1658959 0
-0.8919563 0.4465156 -0.0709785 0
0.01186434 0.1800517 0.9835858 0
2.531519 0.2251422 -0.02052085 1

-4.521302E-07 -0.9898277 -0.1422714 0
-2.369634E-06 -0.1422715 0.9898277 0
-1 7.152557E-07 -2.324581E-06 0
2.38497 0.2708563 -0.02974008 1

8.439307E-07 -0.9999881 0.004886836 0
1.306971E-06 0.004886776 0.9999881 0
-1 -9.069404E-07 1.267702E-06 0
2.38497 0.3241522 -0.02984491 1

0.001375838 0.9903122 -0.1388534 0
-0.1377601 0.1377173 0.9808446 0
0.9904649 0.01777904 0.136615 0
2.31915 0.2708562 -0.02974014 1

-0.003410433 0.9906061 -0.1367045 0
0.1492486 0.1356783 0.9794469 0
0.988794 -0.01706253 -0.1483092 0
2.45079 0.2708564 -0.02973999 1

1.207104E-06 -0.9973209 -0.07314969 0
1.435353E-06 -0.07314975 0.9973209 0
-1 -1.378273E-06 1.299831E-06 0
2.38497 0.4562066 -0.03059539 1

-0.153285 0.9040861 0.3989139 0
-0.249315 -0.4260077 0.8696893 0
0.9562145 0.03385512 0.2907028 0
2.318974 0.1436435 -0.01190341 1

0.163111 0.9037656 0.3957306 0
0.2499388 -0.4258698 0.8695779 0
0.9544242 -0.0429292 -0.2953501 0
2.451228 0.1436058 -0.01217931 1

0.9295271 0.367787 0.02668275 0
1.516155E-06 0.07235543 -0.997379 0
-0.3687536 0.9270908 0.06725571 0
2.351151 0.5562335 -0.05558768 1

0.0001076598 1 0.0002668948 0
-0.3272215 -0.0002169609 0.9449475 0
0.9449478 -0.0001890026 0.3272215 0
2.336693 0.03827818 -0.05843547 1

-4.823769E-05 1 -6.380684E-05 0
0.3130741 7.56681E-05 0.9497288 0
0.9497289 2.593175E-05 -0.3130741 0
2.432284 0.03828016 -0.05831665 1

-0.9295281 0.3677849 0.02667987 0
1.262516E-06 0.07235524 -0.997379 0
-0.3687514 -0.9270917 -0.06725665 0
2.418789 0.5562337 -0.05558757 1

1.323597E-06 -0.9871505 -0.1597936 0
1.576774E-06 -0.1597936 0.9871505 0
-1 -1.627954E-06 1.301634E-06 0
2.38497 0.5889049 -0.03236789 1

0.2501452 0.9647915 0.08126988 0
-0.2973119 0.1564251 -0.9418795 0
-0.9214299 0.211444 0.325973 0
2.283157 0.5293303 -0.05753949 1

0.3272214 -0.0001289845 -0.9449477 0
0.0002208453 1 -6.006626E-05 0
0.9449479 -0.0001890063 0.3272215 0
2.324184 -0.0002877712 -0.02233551 1

-0.3130741 -7.562339E-05 -0.9497287 0
-4.82172E-05 1 -6.379194E-05 0
0.9497289 2.592057E-05 -0.3130741 0
2.44425 -0.0002745986 -0.02202125 1

-0.2530769 0.9632158 0.0903754 0
0.2902585 0.1647104 -0.9426667 0
-0.9228771 -0.2123349 -0.3212659 0
2.486783 0.5293307 -0.05753918 1

6.956121E-07 -0.9994488 -0.03319734 0
1.774161E-06 -0.03319738 0.9994488 0
-1 -8.235329E-07 1.706715E-06 0
2.38497 0.6396657 -0.02415104 1

0.1815852 0.9651271 -0.1885647 0
-0.185544 -0.1546824 -0.970385 0
-0.9657122 0.2111945 0.1509854 0
2.25604 0.4247415 -0.06634953 1

-0.1786741 0.9633229 -0.2002122 0
0.1845872 -0.1670544 -0.9685146 0
-0.9664384 -0.2100051 -0.1479688 0
2.514218 0.4249128 -0.06733631 1

-0.01353231 0.9856157 -0.1684601 0
0.9990407 0.02034422 0.03877615 0
0.04164539 -0.1677736 -0.9849456 0
2.235925 0.3169386 -0.04534277 1

0.0161113 0.9835371 -0.179987 0
-0.9991055 0.02287542 0.03556892 0
0.03910075 0.179253 0.9830259 0
2.534044 0.3173244 -0.0449983 1

-0.131107 0.8884093 -0.4399318 0
0.9613453 0.2223157 0.1624532 0
0.2421285 -0.4016275 -0.8832154 0
2.229987 0.2907912 -0.01406889 1

-0.2245826 0.8921351 0.3919918 0
0.9692799 0.2459218 -0.004367488 0
-0.1002958 0.378969 -0.9199586 0
2.239622 0.2314335 -0.05570925 1

-0.4499792 0.8777949 -0.1643005 0
0.8928564 0.4459276 -0.06289729 0
0.01805504 -0.1749991 -0.9844031 0
2.23819 0.2246366 -0.02105657 1

0.134279 0.8829024 -0.4499475 0
-0.9613475 0.2262079 0.1569757 0
0.2403761 0.4114772 0.879151 0
2.539835 0.2915341 -0.01340189 1

0.2253137 0.8962125 0.3821482 0
-0.968741 0.2478685 -0.01013291 0
-0.1038037 -0.3679194 0.9240457 0
2.530197 0.2317111 -0.05437042 1

0.4523155 0.8748656 -0.1732657 0
-0.8917229 0.4470128 -0.07078073 0
0.01552848 0.1865201 0.9823287 0
2.531512 0.2253192 -0.01963618 1

-1.495212E-06 -0.9898278 -0.1422712 0
-2.846471E-06 -0.1422712 0.9898278 0
-1 1.847744E-06 -2.592802E-06 0
2.384967 0.2707998 -0.02972904 1

-2.533737E-07 -0.9999892 0.0046556 0
1.047959E-06 0.00465557 0.9999892 0
-1 2.210207E-07 1.058757E-06 0
2.384967 0.3240957 -0.02983388 1

0.001566658 0.9902263 -0.1394625 0
-0.1378099 0.1383458 0.9807492 0
0.9904576 0.01768285 0.1366797 0
2.319147 0.2707998 -0.02972912 1

-0.003614795 0.9905218 -0.1373076 0
0.1492984 0.1363041 0.9793525 0
0.9887855 -0.01695962 -0.1483761 0
2.450787 0.2707998 -0.02972894 1

1.333539E-07 -0.9973041 -0.07338031 0
1.091517E-06 -0.07338034 0.9973041 0
-1 -2.503194E-07 1.090777E-06 0
2.384967 0.4561503 -0.03055382 1

-0.1534856 0.9037139 0.3996792 0
-0.2490592 -0.4267934 0.8693774 0
0.9562489 0.03389313 0.2905848 0
2.318946 0.143598 -0.01181413 1

0.1633293 0.9033923 0.3964922 0
0.249191 -0.4266338 0.8694179 0
0.9545823 -0.04319913 -0.2947991 0
2.451251 0.1435599 -0.01209077 1

0.9295277 0.3677799 0.02676801 0
1.863327E-06 0.07258607 -0.9973625 0
-0.3687524 0.9270759 0.06747003 0
2.351148 0.5561831 -0.05552299 1

0.0001023286 1 0.0003017636 0
-0.3269083 -0.0002518147 0.9450562 0
0.9450562 -0.0001953468 0.3269082 0
2.33669 0.03827615 -0.05843488 1

-0.0002362151 1 -7.078085E-05 0
0.311836 0.0001408607 0.9501359 0
0.9501358 0.0002024136 -0.311836 0
2.432362 0.03827409 -0.05834129 1

-0.9295276 0.3677798 0.02676471 0
1.60247E-06 0.07258581 -0.997362 0
-0.3687524 -0.9270757 -0.0674711 0
2.418787 0.5561832 -0.05552287 1

2.838995E-07 -0.9871135 -0.1600218 0
1.140662E-06 -0.1600218 0.9871135 0
-1 -5.000011E-07 1.092522E-06 0
2.384967 0.5888489 -0.03229563 1

0.2500785 0.9648952 0.0802407 0
-0.2977886 0.1555067 -0.9418813 0
-0.9212942 0.2116491 0.3262237 0
2.283154 0.5292804 -0.05748102 1

0.3269082 0.000250861 -0.9450563 0
0.0001026234 1 0.0003008844 0
0.9450562 -0.000195343 0.3269081 0
2.324194 -0.0002911687 -0.02233212 1

-0.3118361 -0.0001408309 -0.9501359 0
-0.0002361928 1 -7.072125E-05 0
0.9501358 0.0002024062 -0.3118361 0
2.444287 -0.0002782345 -0.02203002 1

-0.2534077 0.963112 0.09055302 0
0.2898168 0.1648953 -0.9427701 0
-0.9229249 -0.2126617 -0.3209117 0
2.48678 0.5292807 -0.05748066 1

-3.747211E-07 -0.9994425 -0.0333899 0
1.287071E-06 -0.03338993 0.9994425 0
-1 2.943078E-07 1.310854E-06 0
2.384967 0.6396079 -0.02406705 1

0.1816136 0.9650213 -0.1890797 0
-0.1834692 -0.1556493 -0.970625 0
-0.9661035 0.2109687 0.1487836 0
2.256044 0.4246806 -0.06617952 1

-0.1783312 0.9629605 -0.2022495 0
0.1824194 -0.169626 -0.9684781 0
-0.9669132 -0.2096043 -0.1454131 0
2.514251 0.4248742 -0.06729709 1

-0.01360704 0.9847581 -0.1733979 0
0.9988673 0.02129497 0.04255218 0
0.04559606 -0.1726223 -0.9839324 0
2.235928 0.3168893 -0.04511526 1

0.01653359 0.9823317 -0.186416 0
-0.9989516 0.02418921 0.03886847 0
0.04269103 0.185578 0.9817016 0
2.534043 0.3173272 -0.04473074 1

-0.1300541 0.886118 -0.4448385 0
0.9605421 0.2238484 0.1650788 0
0.2458554 -0.4058168 -0.880266 0
2.229887 0.2908928 -0.01373535 1

-0.226764 0.8938966 0.3866874 0
0.9691074 0.2466332 -0.001824907 0
-0.09700115 0.3743278 -0.9222093 0
2.239728 0.2313367 -0.05504308 1

-0.4499871 0.8766279 -0.1703976 0
0.8927638 0.4462884 -0.06164223 0
0.02200909 -0.1798629 -0.9834457 0
2.238167 0.2247105 -0.02036294 1

0.1336598 0.8798212 -0.4561244 0
-0.9605578 0.2282633 0.158823 0
0.2438525 0.4169057 0.8756287 0
2.539916 0.2917359 -0.01298794 1

0.2275862 0.8984252 0.3755482 0
-0.9685062 0.2488482 -0.008396056 0
-0.1009978 -0.3618097 0.9267647 0
2.530072 0.2316593 -0.05353411 1

0.4526428 0.8732331 -0.1804958 0
-0.891487 0.4475117 -0.0705995 0
0.01912425 0.1928661 0.9810386 0
2.531501 0.2254911 -0.01876392 1

-1.107782E-06 -0.9898278 -0.1422712 0
-2.727262E-06 -0.1422712 0.9898278 0
-1 1.430511E-06 -2.563E-06 0
2.384967 0.2707371 -0.02971778 1

2.069742E-07 -0.9999902 0.00442113 0
1.10443E-06 0.00442113 0.9999902 0
-1 -2.561019E-07 1.084249E-06 0
2.384967 0.3240331 -0.02982261 1

0.001775781 0.990131 -0.140135 0
-0.1378645 0.1390395 0.9806435 0
0.9904497 0.01757827 0.1367507 0
2.319147 0.2707371 -0.02971785 1

-0.003842174 0.9904286 -0.1379745 0
0.149353 0.1369964 0.9792476 0
0.9887768 -0.01684441 -0.1484497 0
2.450787 0.2707371 -0.02971768 1

2.166199E-07 -0.9972868 -0.07361411 0
1.136845E-06 -0.07361411 0.9972868 0
-1 -3.537325E-07 1.096729E-06 0
2.384967 0.4560878 -0.03051159 1

-0.1537086 0.9033015 0.4005251 0
-0.248999 -0.4276702 0.8689636 0
0.9562289 0.03383686 0.2906577 0
2.318919 0.1435475 -0.01171649 1

0.1635701 0.9029784 0.3973355 0
0.249014 -0.427509 0.8690388 0
0.9545876 -0.04320661 -0.2947818 0
2.451281 0.1435093 -0.01199384 1

0.9295276 0.3677736 0.02685399 0
1.609652E-06 0.07281977 -0.9973452 0
-0.3687525 0.9270599 0.06768738 0
2.351148 0.5561265 -0.05545729 1

3.090025E-05 1 0.0003140867 0
-0.3269871 -0.0002867728 0.9450288 0
0.945029 -0.0001318492 0.3269871 0
2.336691 0.03827374 -0.05843531 1

-0.0003819343 1 -5.251224E-05 0
0.311697 0.0001690239 0.9501815 0
0.9501818 0.0003466159 -0.3116969 0
2.432361 0.03827174 -0.0583421 1

-0.9295277 0.3677734 0.02685095 0
1.555082E-06 0.07281967 -0.9973452 0
-0.3687524 -0.9270599 -0.06768845 0
2.418786 0.5561266 -0.05545719 1

3.628979E-07 -0.9870759 -0.1602533 0
1.193076E-06 -0.1602533 0.9870759 0
-1 -6.034146E-07 1.098416E-06 0
2.384967 0.588787 -0.03222228 1

0.2500098 0.9649968 0.07922649 0
-0.2982586 0.154601 -0.9418814 0
-0.9211606 0.2118495 0.3264702 0
2.283154 0.5292242 -0.05742163 1

0.326987 -5.938113E-05 -0.9450288 0
0.0001440342 1 -1.299361E-05 0
0.945029 -0.0001318455 0.326987 0
2.324194 -0.0002949238 -0.02233408 1

-0.3116971 -0.0001691431 -0.9501818 0
-0.0003819741 1 -5.261655E-05 0
0.9501818 0.000346601 -0.311697 0
2.444287 -0.0002794564 -0.02202981 1

-0.2537338 0.9630103 0.09072249 0
0.2893885 0.1650733 -0.9428707 0
-0.9229699 -0.2129842 -0.3205688 0
2.48678 0.5292245 -0.0574213 1

6.761986E-08 -0.9994352 -0.03360514 0
1.524568E-06 -0.03360514 0.9994352 0
-1 -1.728274E-07 1.500349E-06 0
2.384967 0.639544 -0.02398181 1

0.1816359 0.9649152 -0.189598 0
-0.1814302 -0.1566124 -0.9708531 0
-0.9664841 0.2107405 0.1466183 0
2.256052 0.4246134 -0.06601018 1

-0.1779952 0.9625989 -0.204257 0
0.1802966 -0.1721554 -0.9684297 0
-0.9673733 -0.2092027 -0.1429105 0
2.514286 0.424829 -0.06725608 1

-0.01366712 0.9838898 -0.1782538 0
0.998682 0.02225277 0.04625443 0
0.04947583 -0.1773868 -0.9828971 0
2.235934 0.3168336 -0.04488806 1

0.01693427 0.9811066 -0.192725 0
-0.9987882 0.02550792 0.04209231 0
0.04621308 0.1917787 0.9803497 0
2.534044 0.3173231 -0.04446476 1

-0.1290056 0.8838388 -0.4496515 0
0.9597412 0.2253728 0.1676437 0
0.2495091 -0.4099221 -0.8773308 0
2.229792 0.290986 -0.01340485 1

-0.2288926 0.8956019 0.3814519 0
0.9689265 0.2473495 0.0006646106 0
-0.0937566 0.3697507 -0.9243886 0
2.239835 0.2312365 -0.05438353 1

-0.4499763 0.8754477 -0.1763889 0
0.8926654 0.4466529 -0.06041716 0
0.02589248 -0.1846426 -0.9824648 0
2.238146 0.2247785 -0.01967767 1

0.1330379 0.8767555 -0.4621697 0
-0.9597735 0.2303003 0.1606138 0
0.2472569 0.4222104 0.8721254 0
2.539998 0.2919283 -0.01257961 1

0.229802 0.9005537 0.3690453 0
-0.9682668 0.2498286 -0.006705123 0
-0.09823637 -0.3557933 0.9293873 0
2.529954 0.2316052 -0.05270873 1

0.4529461 0.8715801 -0.1875852 0
-0.8912501 0.4480093 -0.07043313 0
0.02265186 0.1990877 0.9797201 0
2.531494 0.225657 -0.01790498 1

-1.3462E-06 -0.9898278 -0.1422712 0
-2.727262E-06 -0.1422712 0.9898278 0
-1 1.66893E-06 -2.503395E-06 0
2.384967 0.2706686 -0.02970538 1

-5.752297E-08 -0.9999913 0.004184276 0
1.559666E-06 0.004184276 0.9999913 0
-1 1.246156E-08 1.564011E-06 0
2.384967 0.3239645 -0.02981021 1

0.002005067 0.9900262 -0.1408691 0
-0.1379238 0.1397969 0.9805275 0
0.9904408 0.01746324 0.1368285 0
2.319147 0.2706686 -0.02970545 1

-0.004090491 0.9903256 -0.1387033 0
0.1494128 0.1377528 0.9791324 0
0.9887666 -0.01671886 -0.1485308 0
2.450787 0.2706686 -0.02970528 1

2.886829E-07 -0.9972693 -0.07385034 0
1.616945E-06 -0.07385034 0.9972693 0
-1 -4.588935E-07 1.595808E-06 0
2.384967 0.4560194 -0.03046791 1

-0.1539515 0.9028497 0.401449 0
-0.2490125 -0.4286305 0.8684866 0
0.956186 0.03373902 0.2908092 0
2.31889 0.1434924 -0.01160978 1

0.1638328 0.9025254 0.3982547 0
0.2489937 -0.4284707 0.8685707 0
0.9545476 -0.04313743 -0.2949207 0
2.451313 0.143454 -0.01188783 1

0.9295276 0.3677671 0.02694064 0
1.138866E-06 0.073056 -0.9973277 0
-0.3687526 0.9270438 0.06790716 0
2.351148 0.556064 -0.05538991 1

3.244702E-05 1 0.0003434122 0
-0.3272143 -0.0003139079 0.9449502 0
0.94495 -0.0001429766 0.3272143 0
2.336692 0.03827138 -0.05843572 1

-0.0004376396 0.9999999 -5.452397E-05 0
0.311882 0.0001882762 0.9501209 0
0.9501208 0.0003988519 -0.311882 0
2.43236 0.03826933 -0.05834265 1

-0.9295276 0.3677669 0.02693853 0
1.077166E-06 0.07305586 -0.9973277 0
-0.3687523 -0.9270439 -0.06790785 0
2.418786 0.5560641 -0.05538983 1

3.928434E-07 -0.987038 -0.1604871 0
1.677629E-06 -0.1604871 0.987038 0
-1 -7.08576E-07 1.597436E-06 0
2.384967 0.588719 -0.03214718 1

0.2499412 0.9650957 0.07822747 0
-0.2987211 0.1537088 -0.9418806 0
-0.9210293 0.2120466 0.3267126 0
2.283154 0.5291623 -0.05736058 1

0.3272142 0.0003130734 -0.9449501 0
3.269474E-05 0.9999999 0.0003426076 0
0.94495 -0.0001429692 0.3272142 0
2.324186 -0.0002982914 -0.02233862 1

-0.3118821 -0.0001882017 -0.9501209 0
-0.0004376079 0.9999999 -5.444947E-05 0
0.9501208 0.0003988519 -0.3118821 0
2.444295 -0.0002811253 -0.0220326 1

-0.2540555 0.9629101 0.09088358 0
0.2889746 0.1652448 -0.9429675 0
-0.9230111 -0.2133031 -0.3202379 0
2.48678 0.5291625 -0.05736034 1

-1.658324E-07 -0.9994273 -0.03384206 0
1.432803E-06 -0.03384206 0.9994273 0
-1 6.566165E-08 1.442194E-06 0
2.384967 0.639474 -0.02389468 1

0.1816531 0.9648091 -0.1901198 0
-0.1794275 -0.1575712 -0.9710699 0
-0.9668546 0.2105107 0.14449 0
2.256059 0.4245407 -0.06584083 1

-0.177665 0.9622384 -0.2062334 0
0.1782203 -0.1746412 -0.9683688 0
-0.9678185 -0.2088004 -0.1404628 0
2.514321 0.4247779 -0.0672126 1

-0.01371277 0.9830123 -0.1830269 0
0.9984852 0.02321636 0.04988314 0
0.0532849 -0.1820657 -0.9818416 0
2.23594 0.3167726 -0.04466046 1

0.01731524 0.9798644 -0.1989115 0
-0.9986158 0.02683017 0.0452403 0
0.04966623 0.1978528 0.9789727 0
2.534045 0.3173132 -0.04419985 1

-0.1279614 0.8815743 -0.4543705 0
0.9589429 0.2268877 0.1701489 0
0.25309 -0.413943 -0.8744123 0
2.2297 0.2910717 -0.01307669 1

-0.2309688 0.8972522 0.376287 0
0.9687374 0.2480694 0.003101733 0
-0.09056226 0.3652397 -0.9264979 0
