MeshAnim
1
130
100
30
-0.02283568 -0.9628789 -0.2689656 0
-0.3253511 0.2615481 -0.9087019 0
0.9453175 0.06675742 -0.3192464 0
3.395667 1.068572 -0.1940431 1

-0.4417255 0.8470809 -0.29552 0
0.4193312 0.4861444 0.7666973 0
0.7931202 0.214749 -0.5699501 0
3.494075 1.044815 -0.2371458 1

-0.1838708 -0.7918488 0.582379 0
-0.09936836 -0.5744714 -0.8124701 0
0.9779146 -0.2072598 0.0269438 0
3.295177 1.03077 -0.1699776 1

0.9453174 0.0667574 -0.3192463 0
0.08468194 0.895022 0.4379081 0
0.314966 -0.4409966 0.8404269 0
3.395667 1.068572 -0.1940431 1

-0.01664834 -0.9901755 -0.1388309 0
-0.3366697 0.1362936 -0.9317063 0
0.9414755 0.03122881 -0.3356315 0
3.406921 1.187503 -0.1358488 1

-0.4416992 0.8470989 -0.2955061 0
0.4193411 0.4861176 0.7667086 0
0.7931295 0.2147369 -0.5699418 0
3.494075 1.044814 -0.2371459 1

-0.1837485 -0.7918844 0.582368 0
-0.09936667 -0.5744571 -0.8124797 0
0.9779373 -0.2071603 0.02686873 0
3.295177 1.03077 -0.1699774 1

-0.1838566 -0.7918693 0.5823547 0
-0.09935609 -0.574449 -0.8124872 0
0.9779184 -0.207242 0.02693927 0
3.252248 0.8458583 -0.03399003 1

-0.02213464 0.9347778 0.3545405 0
0.7262714 -0.2286724 0.6482577 0
0.6870512 0.2718418 -0.6738417 0
3.701344 0.6472912 -0.09846923 1

-0.4416994 0.8470989 -0.2955053 0
0.4193497 0.4861193 0.7667026 0
0.7931247 0.2147322 -0.5699501 0
3.597703 0.8460677 -0.1678112 1

-0.2214683 -0.958527 -0.1793744 0
0.1946266 0.1367941 -0.9712908 0
0.9555475 -0.2500214 0.1562594 0
3.209326 0.660973 0.1019813 1

-0.09691875 -0.9529256 -0.2872936 0
-0.349405 0.3028567 -0.8866751 0
0.9319454 0.01444643 -0.36231 0
3.411737 1.248713 -0.1166461 1

-0.2214682 -0.9585267 -0.179372 0
0.1946276 0.1367913 -0.9712905 0
0.9555468 -0.2500212 0.156261 0
3.209326 0.6609727 0.1019814 1

-0.9555473 0.2500212 -0.1562594 0
-0.2277756 -0.9625216 -0.1471951 0
-0.1872053 -0.1050597 0.9766852 0
3.209326 0.6609727 0.1019814 1

-0.2214676 -0.9585254 -0.1793792 0
0.193648 0.137055 -0.9714491 0
0.9557462 -0.2498816 0.1552635 0
3.149949 0.4039893 0.05385065 1

0.2315027 0.9590211 0.1633502 0
0.7879157 -0.2833235 0.5467315 0
0.570609 0.002136655 -0.821219 0
3.713102 0.1485408 -0.2877051 1

0.1474096 -0.9546311 -0.2587388 0
0.3120316 0.2931223 -0.9037216 0
0.9385652 0.05248241 0.3410848 0
3.090573 0.1470059 0.005720347 1

-0.6870513 -0.2718418 0.6738416 0
0.03515536 -0.9387281 -0.3428579 0
0.7257574 -0.2118718 0.6545114 0
3.701344 0.6472912 -0.09846914 1

-0.02213129 0.9347761 0.354544 0
0.7256081 -0.228939 0.6489053 0
0.6877512 0.2716216 -0.6732158 0
3.707226 0.3979155 -0.193085 1

-0.273763 -0.7102653 -0.6485175 0
-0.2763121 0.7039325 -0.6543155 0
0.9212516 6.581843E-05 -0.3889662 0
3.432115 1.396776 -0.05832493 1

-0.02205 0.9347391 0.3546464 0
0.7262592 -0.228808 0.6482227 0
0.6870662 0.2718589 -0.6738189 0
3.701344 0.6472912 -0.09846914 1

0.787406 -0.182864 0.5886855 0
-0.1223963 -0.9823503 -0.1414353 0
0.6041602 0.0393144 -0.7958921 0
3.868742 0.03668708 -0.1832642 1

0.6950244 0.001097951 -0.7189842 0
0.6171197 -0.5140235 0.5957691 0
-0.3689213 -0.8577737 -0.3579364 0
3.560667 1.577227 0.1109438 1

-0.960598 -0.02305782 -0.2769794 0
-0.2678039 -0.1898549 0.9445804 0
-0.07436617 0.9815384 0.1761996 0
3.041971 0.04719503 0.162028 1

0.2686403 0.1820936 -0.94587 0
-0.07324252 0.9829847 0.1684372 0
0.9604505 0.02402882 0.2774072 0
3.041964 0.04719648 0.1620266 1

0.9860959 -0.05170469 0.1579224 0
0.1635027 0.4715445 -0.866551 0
-0.02966305 0.8803235 0.4734424 0
3.46375 1.57722 0.1518633 1

-0.6042139 -0.03968953 0.7958327 0
0.7873996 -0.1828725 0.5886911 0
0.1221712 0.9823338 0.1417454 0
3.868742 0.03668924 -0.1832612 1

-0.1907001 0.03733271 -0.9809369 0
-0.07675155 0.9956489 0.05281345 0
0.9786426 0.08536003 -0.1870056 0
3.524808 1.637307 0.161255 1

-0.9212512 -6.582588E-05 0.388966 0
0.2194576 -0.8257192 0.5196372 0
0.3211429 0.5640785 0.7607102 0
3.374423 1.378269 0.1092509 1

-0.9212512 -6.582588E-05 0.388966 0
0.2194576 -0.8257192 0.5196372 0
0.3211429 0.5640785 0.7607102 0
3.592366 1.378376 0.01725808 1

0.9786426 0.08536003 -0.1870056 0
0.1907 -0.03733265 0.9809366 0
0.07675152 -0.9956486 -0.05281342 0
3.534861 1.635339 0.212966 1

0.1184001 -0.6162813 -0.7785723 0
-0.1022844 0.7723468 -0.6269086 0
0.9876829 0.153862 0.02840957 0
3.544913 1.633372 0.264677 1

-0.7689128 -0.01828475 0.6390915 0
0.4375157 -0.7439388 0.5051063 0
0.4662094 0.6679951 0.5800241 0
3.88781 0.03207493 -0.2046493 1

0.1779832 -0.9666525 -0.1841218 0
0.7636203 0.01766434 0.6454214 0
-0.6206478 -0.2554739 0.7413013 0
3.705923 1.546 -0.01069996 1

-0.9972786 0.01454001 -0.07225823 0
-0.05634139 -0.7824475 0.6201575 0
-0.04752125 0.6225414 0.7811393 0
3.024292 0.04329915 0.1705203 1

-0.9934603 0.0136959 -0.113341 0
-0.09124765 -0.6918988 0.7162014 0
-0.06861158 0.72186 0.6886252 0
3.035763 0.04299383 0.1838586 1

-0.9978259 -0.03465527 -0.05603683 0
-0.01399025 -0.7196552 0.6941867 0
-0.06438458 0.6934616 0.7176071 0
3.013804 0.04068926 0.1562851 1

-0.991515 0.03686749 -0.1246437 0
-0.1135596 -0.7122526 0.6926722 0
-0.06324081 0.7009495 0.7103971 0
3.051164 0.04616053 0.1900007 1

-0.9836007 -0.04079695 -0.1756783 0
-0.1395001 -0.4452874 0.8844513 0
-0.1143108 0.8944544 0.4322946 0
3.073016 0.04436252 0.1931669 1

0.4396927 0.8977296 0.02735104 0
0.2391616 -0.08767501 -0.9670118 0
-0.8657191 0.43173 -0.2532527 0
3.273051 1.556561 0.142976 1

-0.7579209 -0.06796858 0.6487948 0
0.4286404 -0.8016076 0.4167599 0
0.4917528 0.5939711 0.6366901 0
3.887823 0.03375629 -0.1871276 1

-0.6863834 -0.01599041 0.7270637 0
0.6466087 -0.4709652 0.6000721 0
0.3328264 0.8820048 0.3336021 0
3.862691 0.0314841 -0.1406035 1

-0.7304038 -0.0685442 0.6795663 0
0.5120074 -0.7134629 0.4783472 0
0.4520576 0.6973296 0.5562115 0
3.886641 0.03252982 -0.1698829 1

-0.7217028 -0.09195633 0.6860673 0
0.516484 -0.7314158 0.4452767 0
0.4608549 0.6757004 0.5753595 0
3.877994 0.03461216 -0.1558374 1

-0.9212507 -6.592274E-05 0.3889656 0
0.2194574 -0.8257185 0.5196368 0
0.3211426 0.5640781 0.7607099 0
3.379874 1.357759 0.1221586 1

-0.9212506 -6.584823E-05 0.3889658 0
0.2194574 -0.8257185 0.5196367 0
0.3211428 0.5640782 0.7607098 0
3.597817 1.357865 0.03016564 1

-0.01408155 -0.8082031 -0.5887306 0
0.08335176 -0.5876881 0.8047791 0
-0.9964197 -0.03773946 0.0756413 0
3.544914 1.633371 0.2646762 1

0.1779831 -0.9666519 -0.1841216 0
0.1628665 -0.1555912 0.9743009 0
-0.9704607 -0.2033969 0.1297436 0
3.705923 1.546 -0.01070014 1

0.06680395 -0.2050655 0.9764639 0
0.327562 0.9289153 0.1726696 0
-0.9424634 0.3083176 0.1292278 0
3.760247 1.250975 -0.06689629 1

-0.5471359 0.4022408 -0.7340576 0
-0.04727348 -0.8904144 -0.4526839 0
-0.8357058 -0.2129783 0.5061939 0
3.134646 1.273977 0.1343684 1

0.439691 0.8977299 0.02735053 0
-0.5275257 0.2827784 -0.8010925 0
-0.7269012 0.3378054 0.597912 0
3.273051 1.556561 0.1429758 1

-0.0833523 0.5876509 -0.8048052 0
-0.0139351 -0.8082237 -0.5887042 0
-0.9964213 -0.0378551 0.07555704 0
3.547716 1.629278 0.2995566 1

-0.7911033 0.5854859 0.1770794 0
0.06680256 -0.2050664 0.9764632 0
0.6080204 0.7843139 0.1231163 0
3.760246 1.250975 -0.06689623 1

-0.6206466 -0.2554768 0.7412997 0
0.1779852 -0.9666502 -0.1841238 0
0.7636197 0.0176646 0.6454209 0
3.733083 1.398488 -0.03879753 1

-0.7808707 -0.5611216 0.2745515 0
0.5471364 -0.4022411 0.7340564 0
-0.3014601 0.7234215 0.6211097 0
3.134647 1.273978 0.1343679 1

-0.5471436 0.4022437 -0.7340497 0
-0.3958729 -0.8970363 -0.1964825 0
-0.7375051 0.1830867 0.6500463 0
3.225295 1.207336 0.2559902 1

-0.7469356 -0.6564052 0.1058993 0
0.6449222 -0.6765088 0.3555362 0
-0.1617347 0.33386 0.9286408 0
3.134647 1.273978 0.1343679 1

0.07817045 -0.2741827 0.9584927 0
0.8129037 0.5741023 0.09792797 0
-0.5771248 0.771508 0.2677627 0
3.784248 1.177296 0.2839447 1

0.06679288 -0.2050686 0.9764632 0
-0.0008332692 0.9786364 0.205582 0
-0.9977649 -0.01454522 0.06519599 0
3.77225 1.214136 0.1085245 1

-0.6921936 0.6794135 0.2434367 0
-0.2471229 -0.5400398 0.8045387 0
0.6780818 0.4967385 0.5417115 0
3.760246 1.250975 -0.06689617 1

0.9964194 0.03773939 -0.07564132 0
-0.08335184 0.5876786 -0.8047851 0
0.01408068 0.8082091 0.5887209 0
3.594733 1.651722 0.39138 1

0.9964193 0.03773939 -0.07564132 0
-0.08335158 0.5876891 -0.8047771 0
0.01408178 0.8082011 0.5887316 0
3.513511 1.648646 0.3975441 1

-0.08324541 0.5876988 -0.8047811 0
-0.01407873 -0.8081968 -0.5887374 0
-0.9964281 -0.03767969 0.07555354 0
3.552251 1.613226 0.3512998 1

-0.8657182 0.4317313 -0.2532518 0
-0.4396942 -0.8977283 -0.02735029 0
-0.2391601 0.08767545 0.9670113 0
3.203848 1.41527 0.1386712 1

-0.1397183 0.2221029 -0.9649581 0
0.6379603 -0.7251075 -0.2592683 0
-0.7572852 -0.6518311 -0.04038212 0
3.315947 1.140691 0.3776063 1

-0.08135703 0.6706285 -0.7373124 0
-0.02275954 -0.7408218 -0.6713095 0
-0.9964237 -0.03783523 0.07553515 0
3.550895 1.595535 0.3246114 1

-0.5562068 0.4914802 0.6701307 0
-0.1156944 0.7527255 -0.6480833 0
-0.8229482 -0.4380001 -0.3618102 0
3.756433 1.186442 0.3287061 1

-0.1705494 -0.3687765 0.9137347 0
0.798627 0.4914283 0.3474006 0
-0.5771503 0.7889836 0.2107029 0
3.795089 1.139271 0.4168694 1

-0.3311938 -0.5011877 0.7994474 0
0.7393705 0.38853 0.549881 0
-0.5862051 0.7732062 0.2418855 0
3.810272 1.117927 0.4041133 1

0.2967696 0.05190988 0.9535336 0
0.7847341 0.5557373 -0.2744883 0
-0.5441644 0.8297316 0.1241909 0
3.762089 1.182114 0.4277828 1

0.08217022 0.0178826 -0.9964547 0
0.6783628 -0.7334761 0.04277653 0
-0.7301139 -0.6794748 -0.07240109 0
3.337399 1.10659 0.5257599 1

0.1061988 0.3112924 -0.9443582 0
0.5747201 -0.7942363 -0.1971766 0
-0.8114266 -0.521803 -0.2632537 0
3.316448 1.088118 0.5252789 1

0.2070137 -0.01037143 0.9782797 0
0.8029779 0.5730416 -0.1638433 0
-0.5588975 0.8194564 0.126956 0
3.779828 1.161255 0.4255208 1

-0.08315888 0.5876542 -0.8048226 0
0.01409411 0.8082318 0.5886875 0
0.9964346 0.03761163 -0.07549497 0
3.550927 1.595819 0.325262 1

-0.0833136 0.5876793 -0.8047875 0
0.01405501 0.808207 0.5887219 0
0.9964224 0.0377376 -0.07559527 0
3.552279 1.612691 0.3514348 1

-0.75428 0.125432 -0.6444556 0
-0.3766896 -0.8866256 0.2683157 0
-0.5377373 0.4451457 0.716015 0
3.361668 1.156266 0.4212788 1

-0.5197496 0.1167687 -0.8462968 0
0.6788477 -0.5449702 -0.4921039 0
-0.5186717 -0.8302804 0.2039808 0
3.377561 1.143391 0.5210718 1

-0.3037647 0.06946448 -0.9502078 0
0.6514145 -0.7126521 -0.2603435 0
-0.6952556 -0.6980648 0.171229 0
3.357958 1.126314 0.5244496 1

-0.0768441 0.7770126 -0.6247691 0
-0.0350534 -0.6283401 -0.777143 0
-0.9964249 -0.03781893 0.07552211 0
3.552048 1.586032 0.3350575 1

-0.2524287 -0.434798 0.8644211 0
0.7782723 0.4395899 0.4483815 0
-0.5749484 0.7859414 0.2274272 0
3.786611 1.12094 0.4622899 1

-0.08714601 -0.05050937 0.9949104 0
-0.2822968 0.9590228 0.02396087 0
-0.9553576 -0.2787735 -0.0978336 0
3.711807 1.225874 0.3824712 1

-0.2659209 -0.4534451 0.8506861 0
0.7955846 0.3950849 0.4592887 0
-0.5443574 0.7989289 0.2556936 0
3.776418 1.184621 0.4738232 1

-0.7356797 -0.6766201 -0.03087051 0
0.1523057 -0.2096666 0.9658341 0
-0.659978 0.7058444 0.2573015 0
3.796424 1.096972 0.4375381 1

-0.1786664 0.3661162 -0.9132523 0
0.6193484 -0.6793675 -0.3935214 0
-0.7645126 -0.635933 -0.1053738 0
3.332346 1.10549 0.587036 1

-0.1241079 0.6617413 -0.7393833 0
0.4733627 -0.6154036 -0.6302365 0
-0.8720772 -0.4282157 -0.2368681 0
3.310545 1.070813 0.5777762 1

-0.5270886 -0.5853609 0.6160554 0
0.6410138 0.2020723 0.7404466 0
-0.5579183 0.7851824 0.2687152 0
3.790401 1.160726 0.4754858 1

-0.7780798 0.2012161 -0.5950605 0
-0.4312523 -0.8598946 0.273121 0
-0.4567348 0.4691325 0.7558445 0
3.416582 1.147135 0.4681976 1

-0.6943211 0.3435198 -0.6323805 0
0.4680896 -0.4518737 -0.7594035 0
-0.5466293 -0.8232837 0.1529481 0
3.405714 1.137066 0.5669121 1

-0.6384305 0.6792434 -0.3619768 0
0.1831444 -0.322722 -0.9286014 0
-0.7475683 -0.6591442 0.08163628 0
3.377232 1.121906 0.584741 1

-0.1544586 -0.3432094 0.9264675 0
0.8104912 0.4922461 0.3174751 0
-0.5650128 0.7999327 0.2021375 0
3.777562 1.105354 0.4932772 1

-0.02759907 0.03458187 0.9990157 0
-0.2760237 0.960276 -0.04086617 0
-0.9607509 -0.2768819 -0.01695698 0
3.708165 1.223763 0.4240531 1

-0.4510444 -0.2202791 0.8648865 0
0.7859774 0.3610741 0.5018536 0
-0.4228372 0.906142 0.01027402 0
3.768137 1.1705 0.5003141 1

-0.6745146 -0.7334124 -0.08442228 0
0.1264847 -0.2274691 0.9655313 0
-0.7273397 0.6405888 0.2461981 0
3.772717 1.075169 0.4365432 1

-0.6977385 0.1791224 -0.6935905 0
0.5390465 -0.5063868 -0.6730462 0
-0.4717859 -0.8434922 0.2567714 0
3.429971 1.125064 0.589005 1

-0.03841004 0.2241288 -0.9737978 0
0.6713319 -0.7160416 -0.1912833 0
-0.7401563 -0.6610918 -0.1229621 0
3.337463 1.095005 0.6131909 1

-0.7537275 -0.4151607 -0.5094396 0
-0.2789168 -0.4998217 0.8199853 0
-0.5950571 0.7601383 0.2609352 0
3.772749 1.141123 0.4961164 1

-0.07683343 0.7771651 -0.6245797 0
-0.0350695 -0.6281509 -0.7772953 0
-0.9964246 -0.03781889 0.07551864 0
3.55357 1.570639 0.3474342 1

-0.0901514 0.3485664 -0.9329336 0
0.5833273 -0.7407695 -0.3331375 0
-0.8072143 -0.5742411 -0.1365477 0
3.314353 1.050508 0.6004639 1

-0.8032824 0.1091479 -0.585505 0
-0.3572868 -0.8748411 0.3270931 0
-0.4765249 0.4719435 0.7417451 0
3.46104 1.135637 0.5021976 1

-0.7307131 0.5932379 -0.3378141 0
0.1752268 -0.3152718 -0.9326792 0
-0.6598083 -0.7407185 0.1264228 0
3.399957 1.097729 0.5976253 1

-0.02309807 -0.9629199 -0.2687965 0
-0.326679 0.2613785 -0.9082742 0
0.9448531 0.06683081 -0.3206031 0
3.39493 1.068173 -0.1929912 1

-0.4422125 0.846891 -0.2953349 0
0.4193003 0.4862855 0.7666244 0
0.7928652 0.215177 -0.5701436 0
3.49328 1.044422 -0.2362308 1

-0.1830169 -0.7913206 0.5833651 0
-0.100066 -0.5753116 -0.8117896 0
0.9780036 -0.2069464 0.02610746 0
3.294479 1.030362 -0.168777 1

0.9448529 0.06683079 -0.320603 0
0.08519363 0.8950947 0.4376603 0
0.3162192 -0.4408379 0.8400395 0
3.39493 1.068173 -0.1929912 1

-0.0167218 -0.9901974 -0.1386668 0
-0.3380147 0.1361193 -0.9312448 0
0.9409921 0.03129939 -0.3369777 0
3.406253 1.187114 -0.1348298 1

-0.4421862 0.8469091 -0.2953211 0
0.4193102 0.4862587 0.7666356 0
0.7928743 0.2151649 -0.5701354 0
3.49328 1.044422 -0.2362308 1

-0.1828946 -0.7913561 0.583354 0
-0.1000643 -0.5752974 -0.8117993 0
0.9780262 -0.206847 0.02603227 0
3.294479 1.030362 -0.1687769 1

-0.1830028 -0.7913411 0.5833409 0
-0.1000537 -0.5752892 -0.8118069 0
0.9780074 -0.2069286 0.02610287 0
3.25175 0.8455734 -0.03255925 1

-0.02334458 0.9342198 0.3559304 0
0.7268172 -0.2285959 0.6476722 0
0.6864337 0.2738163 -0.6736715 0
3.700777 0.6469877 -0.09764102 1

-0.4421864 0.8469091 -0.2953202 0
0.4193188 0.4862604 0.7666296 0
0.7928696 0.2151602 -0.5701436 0
3.597022 0.8457195 -0.1669395 1

-0.2205633 -0.9581792 -0.1823228 0
0.1943235 0.1400104 -0.9708932 0
0.9558185 -0.2495733 0.1553158 0
3.209027 0.6608114 0.1036424 1

-0.09739861 -0.95306 -0.2866855 0
-0.3505157 0.3024478 -0.8863763 0
0.9314781 0.01415598 -0.3635209 0
3.411088 1.248327 -0.1156426 1

-0.2205633 -0.9581789 -0.1823204 0
0.1943245 0.1400077 -0.9708929 0
0.9558178 -0.2495732 0.1553174 0
3.209027 0.6608112 0.1036424 1

-0.9558183 0.2495732 -0.1553156 0
-0.2268611 -0.9622803 -0.1501551 0
-0.1869323 -0.1082858 0.9763853 0
3.209027 0.6608112 0.1036424 1

-0.2205627 -0.9581776 -0.1823277 0
0.1933447 0.1402709 -0.9710506 0
0.9560169 -0.2494302 0.1543203 0
3.149893 0.4039213 0.05472118 1

0.2312582 0.9590056 0.1637863 0
0.788353 -0.2833692 0.5460767 0
0.5701039 0.002837114 -0.8215675 0
3.713181 0.1485349 -0.2876184 1

0.1463456 -0.9545504 -0.2596385 0
0.3117863 0.2935947 -0.9036527 0
0.9388131 0.05129362 0.3405828 0
3.09076 0.1470312 0.005800396 1

-0.6864337 -0.2738163 0.6736715 0
0.0363749 -0.9381686 -0.3442581 0
0.7262814 -0.2118054 0.653951 0
3.700777 0.6469876 -0.09764096 1

-0.02334125 0.9342181 0.3559339 0
0.7261546 -0.2288645 0.6483195 0
0.6871342 0.2735961 -0.6730463 0
3.706982 0.397761 -0.1926276 1

-0.2747622 -0.7107394 -0.6475749 0
-0.2768614 0.7034537 -0.6545983 0
0.9207891 -0.0005702749 -0.3900594 0
3.431558 1.396417 -0.05742285 1

-0.02325989 0.9341811 0.3560361 0
0.7268052 -0.2287315 0.647637 0
0.6864486 0.2738334 -0.6736488 0
3.700777 0.6469876 -0.09764096 1

0.7878329 -0.1829352 0.5880915 0
-0.12213 -0.9823087 -0.1419524 0
0.6036573 0.0400116 -0.7962389 0
3.868925 0.03667449 -0.1833406 1

0.6940513 -0.0005215816 -0.7199243 0
0.617268 -0.5142077 0.5954567 0
-0.3705018 -0.8576639 -0.3565646 0
3.560369 1.576974 0.1115365 1

-0.9607805 -0.0219027 -0.2764396 0
-0.2674361 -0.1904047 0.9445742 0
-0.0733244 0.9814583 0.1770799 0
3.042153 0.04713344 0.1620512 1

0.2683147 0.1821296 -0.9459557 0
-0.07210636 0.9830045 0.1688107 0
0.9606277 0.02291488 0.2768882 0
3.042146 0.04713488 0.1620498 1

0.9861974 -0.05159366 0.1573242 0
0.1629471 0.4708655 -0.8670248 0
-0.02934568 0.8806934 0.4727738 0
3.463501 1.577034 0.1525708 1

-0.6037108 -0.04038678 0.7961792 0
0.7878265 -0.1829436 0.588097 0
0.1219051 0.9822919 0.1422627 0
3.868925 0.03667652 -0.1833375 1

-0.1921363 0.0369662 -0.9806706 0
-0.07593219 0.995733 0.05241084 0
0.9784257 0.08453459 -0.1885101 0
3.524589 1.637108 0.1618379 1

-0.9207887 0.0005702674 0.3900592 0
0.2198078 -0.825339 0.5200935 0
0.3222281 0.5646346 0.7598383 0
3.374059 1.378075 0.1102373 1

-0.9207887 0.0005702674 0.3900592 0
0.2198078 -0.825339 0.5200935 0
0.3222281 0.5646346 0.7598383 0
3.591892 1.378031 0.01798582 1

0.9784256 0.08453457 -0.1885101 0
0.1921362 -0.03696617 0.9806704 0
0.0759322 -0.9957327 -0.05241075 0
3.534718 1.63516 0.2135348 1

0.1166756 -0.6165373 -0.7786301 0
-0.1030184 0.7722425 -0.6269169 0
0.9878119 0.1533594 0.02658683 0
3.544846 1.633212 0.2652318 1

-0.7685136 -0.01894675 0.6395521 0
0.4380931 -0.7440853 0.5043888 0
0.4663252 0.6678129 0.5801404 0
3.887982 0.0320821 -0.2047402 1

0.1759024 -0.9671244 -0.1836438 0
0.7657824 0.01721004 0.6428672 0
-0.6185738 -0.2537137 0.7436357 0
3.705421 1.545437 -0.01027194 1

-0.9973022 0.01562326 -0.07170591 0
-0.05683193 -0.7825979 0.6199231 0
-0.04643172 0.6223261 0.7813764 0
3.024474 0.04325347 0.1705519 1

-0.9935074 0.01478913 -0.1127911 0
-0.09158939 -0.6920448 0.7160167 0
-0.06746735 0.7216985 0.6889076 0
3.035952 0.04293155 0.1838837 1

-0.9978927 -0.03357692 -0.05550089 0
-0.0143736 -0.7198759 0.6939505 0
-0.06325461 0.6932858 0.7178774 0
3.013976 0.04065952 0.1563216 1

-0.9915437 0.03796236 -0.1240869 0
-0.1139358 -0.7123672 0.692493 0
-0.06210688 0.7007749 0.7106696 0
3.05136 0.0460797 0.1900184 1

-0.9837396 -0.03969306 -0.1751523 0
-0.1394876 -0.4454394 0.8843767 0
-0.1131238 0.8944282 0.4326606 0
3.073212 0.04425747 0.1931721 1

0.4395453 0.897797 0.0275131 0
0.2387129 -0.08723025 -0.9671629 0
-0.865918 0.4316802 -0.2526577 0
3.272796 1.55637 0.1438232 1

-0.7574979 -0.06863247 0.6492187 0
0.4291842 -0.801704 0.4160131 0
0.4919299 0.593764 0.636746 0
3.888005 0.03375288 -0.1872175 1

-0.685931 -0.01667575 0.7274749 0
0.6471462 -0.4710937 0.5993908 0
0.332714 0.8819231 0.3339294 0
3.862903 0.03144354 -0.1406794 1

-0.7299619 -0.06921674 0.6799731 0
0.5125573 -0.7135665 0.4776022 0
0.4521483 0.6971568 0.5563543 0
3.886833 0.03251558 -0.1699728 1

-0.7212483 -0.09262966 0.6864545 0
0.5170201 -0.7314978 0.4445182 0
0.460965 0.6755191 0.5754836 0
3.878194 0.03458644 -0.1559207 1

-0.9207882 0.000570178 0.3900588 0
0.2198076 -0.8253382 0.5200931 0
0.3222277 0.5646344 0.759838 0
3.379519 1.357574 0.1231564 1

-0.9207881 0.0005702525 0.390059 0
0.2198076 -0.8253384 0.5200931 0
0.322228 0.5646343 0.759838 0
3.597353 1.35753 0.03090474 1

-0.01556176 -0.8083433 -0.5885011 0
0.08450219 -0.5875297 0.8047748 0
-0.9963006 -0.03720618 0.07745034 0
3.544846 1.633212 0.265231 1

0.1759023 -0.9671237 -0.1836436 0
0.1658598 -0.1547688 0.973927 0
-0.970333 -0.2017757 0.1331837 0
3.705421 1.545437 -0.01027206 1

0.06954134 -0.2030518 0.9766937 0
0.3294783 0.9287969 0.1696346 0
-0.941597 0.310003 0.1314916 0
3.759109 1.250268 -0.06632233 1

-0.5481796 0.401373 -0.7337542 0
-0.04675967 -0.8906542 -0.4522658 0
-0.8350503 -0.2136131 0.5070074 0
3.134438 1.273765 0.1351646 1

0.4395435 0.8977973 0.0275127 0
-0.5279609 0.2830168 -0.8007217 0
-0.7266743 0.3374267 0.5984011 0
3.272796 1.55637 0.143823 1

-0.08450288 0.5874925 -0.8048009 0
-0.01541536 -0.8083637 -0.588475 0
-0.9963027 -0.03732189 0.07736617 0
3.54771 1.629125 0.3001074 1

-0.789677 0.5870479 0.1782707 0
0.06953982 -0.2030525 0.9766932 0
0.6095659 0.7836701 0.1195222 0
3.759108 1.250268 -0.06632224 1

-0.6185727 -0.2537166 0.7436342 0
0.1759044 -0.9671221 -0.1836459 0
0.7657818 0.01721025 0.6428667 0
3.732263 1.397853 -0.03829661 1

-0.7800618 -0.5617989 0.2754649 0
0.5481802 -0.4013732 0.7337527 0
-0.301658 0.7233783 0.6210642 0
3.134439 1.273765 0.135164 1

-0.5481874 0.4013757 -0.7337461 0
-0.3951304 -0.8975217 -0.19576 0
-0.7371281 0.1826126 0.650607 0
3.225259 1.207267 0.256736 1

-0.7461756 -0.6571194 0.1068237 0
0.6459172 -0.6757019 0.3552642 0
-0.1612703 0.3340895 0.9286392 0
3.134439 1.273765 0.135164 1

0.08133212 -0.2729841 0.958572 0
0.8152946 0.5714342 0.09355827 0
-0.5733025 0.77391 0.269039 0
3.784094 1.177312 0.2846011 1

0.06953025 -0.2030549 0.976693 0
0.001261448 0.9790793 0.2034609 0
-0.9975773 -0.01291483 0.06833249 0
3.771605 1.213791 0.1091396 1

-0.6904213 0.6809709 0.2441159 0
-0.2454174 -0.5379282 0.8064731 0
0.6805037 0.4968969 0.53852 0
3.759108 1.250268 -0.06632221 1

0.9963004 0.03720615 -0.07745035 0
-0.08450235 0.5875201 -0.8047808 0
0.01556094 0.808349 0.5884915 0
3.594904 1.651568 0.3918399 1

0.9963003 0.03720616 -0.07745038 0
-0.08450215 0.5875309 -0.804773 0
0.01556208 0.8083414 0.5885022 0
3.513691 1.648536 0.3981516 1

-0.08439595 0.5875402 -0.8047772 0
-0.01555905 -0.8083369 -0.5885078 0
-0.9963094 -0.03714649 0.07736263 0
3.55233 1.613084 0.3518461 1

-0.8659171 0.4316816 -0.2526568 0
-0.4395467 -0.8977957 -0.02751251 0
-0.2387114 0.08723085 0.9671623 0
3.203617 1.415068 0.1394929 1

-0.14239 0.2239474 -0.9641409 0
0.6388295 -0.7232364 -0.262337 0
-0.756054 -0.6532775 -0.04008269 0
3.316084 1.140766 0.3783019 1

-0.08234291 0.6704859 -0.7373329 0
-0.0243542 -0.7409781 -0.6710811 0
-0.9963049 -0.037302 0.07734428 0
3.550917 1.595387 0.3251649 1

-0.5516269 0.4944277 0.6717462 0
-0.1158711 0.7521287 -0.6487446 0
-0.8260005 -0.4357021 -0.3576052 0
3.756503 1.186623 0.3294671 1

-0.1679028 -0.3667848 0.9150257 0
0.8018025 0.4891921 0.3432172 0
-0.5735121 0.7912983 0.2119529 0
3.795373 1.139454 0.4175371 1

-0.3294923 -0.498814 0.8016323 0
0.7430597 0.3868096 0.5461084 0
-0.5824876 0.7756001 0.2431984 0
3.810427 1.118038 0.4047488 1

0.3010334 0.05234174 0.9521726 0
0.7854655 0.5525967 -0.2787053 0
-0.5407571 0.8317993 0.1252376 0
3.762569 1.182428 0.4285253 1

0.0798386 0.02024833 -0.996599 0
0.6799442 -0.7321894 0.0395951 0
-0.7289006 -0.6807953 -0.07222505 0
3.337947 1.106382 0.52633 1

0.1033927 0.3135907 -0.9439092 0
0.5758722 -0.7926304 -0.2002529 0
-0.810972 -0.5228683 -0.2625412 0
3.317032 1.087869 0.5258564 1

0.2111696 -0.009590546 0.9773991 0
0.804243 0.570007 -0.1681663 0
-0.5555135 0.8215793 0.1280815 0
3.780226 1.161504 0.4262193 1

-0.0843095 0.5874956 -0.8048188 0
0.01557434 0.8083718 0.588458 0
0.9963159 0.03707844 -0.07730402 0
3.550951 1.595672 0.3258153 1

-0.08446404 0.5875209 -0.8047833 0
0.01553525 0.808347 0.5884924 0
0.9963036 0.03720435 -0.07740434 0
3.552358 1.612549 0.3519813 1

-0.7560149 0.1253215 -0.6424412 0
-0.3742734 -0.8879791 0.2672195 0
-0.5369875 0.4424714 0.7182317 0
3.361874 1.156338 0.4219035 1

-0.5219331 0.11758 -0.84484 0
0.6788151 -0.5425032 -0.4948669 0
-0.5165172 -0.8317806 0.2033358 0
3.378023 1.143275 0.521631 1

-0.3060925 0.07094392 -0.9493514 0
0.6522557 -0.7107515 -0.2634154 0
-0.6934438 -0.6998519 0.1712826 0
3.358462 1.12615 0.525016 1

-0.07757179 0.7768958 -0.6248244 0
-0.03678124 -0.6285166 -0.7769204 0
-0.9963059 -0.03728569 0.0773311 0
3.552084 1.585887 0.3356111 1

-0.2502202 -0.4325979 0.8661655 0
0.7817022 0.437579 0.4443645 0
-0.5712489 0.7882739 0.2286723 0
3.787027 1.121222 0.4630216 1

-0.08305272 -0.04868443 0.9953515 0
-0.2788764 0.9600298 0.02368711 0
-0.9567259 -0.2756142 -0.09331018 0
3.712245 1.226292 0.3833619 1

-0.2638353 -0.4512191 0.8525169 0
0.7989073 0.393031 0.4552662 0
-0.5404925 0.8011986 0.2567875 0
3.777104 1.184955 0.4744999 1

-0.7381386 -0.6741158 -0.02667367 0
0.1557205 -0.2087138 0.965496 0
-0.656426 0.7085176 0.2590344 0
3.796651 1.097183 0.4382651 1

-0.1815107 0.3677669 -0.9120274 0
0.6198156 -0.6772381 -0.3964453 0
-0.7634632 -0.6372509 -0.1050223 0
3.333037 1.105137 0.587615 1

-0.127151 0.6631179 -0.737631 0
0.4731558 -0.6130489 -0.6326822 0
-0.871751 -0.4294626 -0.2358093 0
3.311285 1.070436 0.5783286 1

-0.5264614 -0.5825891 0.6192112 0
0.6448774 0.2009854 0.7373815 0
-0.5540448 0.7875192 0.269888 0
3.791011 1.161015 0.4761395 1

-0.7798544 0.2009479 -0.5928241 0
-0.4288791 -0.8613696 0.2722092 0
-0.4559423 0.4665349 0.757928 0
3.416915 1.147214 0.4686757 1

-0.6964703 0.3435034 -0.6300217 0
0.4672539 -0.4492451 -0.761475 0
-0.5446064 -0.8247281 0.152383 0
3.406294 1.136906 0.5673925 1

-0.6406373 0.6787424 -0.3590056 0
0.1816587 -0.3202995 -0.9297314 0
-0.7460414 -0.6608402 0.08189659 0
3.377884 1.121649 0.5852531 1

-0.1516692 -0.3412541 0.9276499 0
0.8135412 0.4899229 0.3132399 0
-0.5613738 0.8021922 0.2033189 0
3.778057 1.105714 0.4940716 1

-0.02319512 0.03620634 0.9990703 0
-0.2728771 0.961162 -0.04116793 0
-0.9617656 -0.2735801 -0.01241422 0
3.708773 1.224257 0.4249619 1

-0.4480897 -0.2173924 0.8671499 0
0.7893652 0.3591189 0.4979244 0
-0.4196561 0.9076147 0.01068414 0
3.768888 1.170904 0.501048 1

-0.6774004 -0.7312015 -0.08039892 0
0.1298372 -0.2264273 0.9653313 0
-0.7240599 0.6434788 0.2483204 0
3.772865 1.07546 0.4374053 1

-0.6996956 0.179235 -0.6915873 0
0.5385199 -0.5038044 -0.6754017 0
-0.4694833 -0.8450136 0.2559893 0
3.430627 1.124905 0.5894029 1

-0.04110676 0.2261987 -0.9732091 0
0.6723387 -0.7142528 -0.194409 0
-0.7390968 -0.6623211 -0.1227221 0
3.338235 1.094604 0.6137347 1

-0.7573351 -0.4133284 -0.5055647 0
-0.2771232 -0.4975975 0.8219439 0
-0.5913029 0.7625922 0.2623059 0
3.77338 1.141504 0.4968761 1

-0.07756066 0.7770486 -0.624635 0
-0.03679749 -0.6283274 -0.7770728 0
-0.9963058 -0.03728564 0.0773277 0
3.55362 1.570496 0.347989 1

-0.09300582 0.3504405 -0.9319509 0
0.5840582 -0.7388464 -0.3361148 0
-0.8063617 -0.5755771 -0.1359615 0
3.315187 1.050088 0.6009626 1

-0.8048482 0.1088077 -0.5834143 0
-0.3547593 -0.8762848 0.3259782 0
-0.4757704 0.4693366 0.7438803 0
3.461474 1.135733 0.5025479 1

-0.7326897 0.5924966 -0.334821 0
0.1737166 -0.3128564 -0.9337744 0
-0.6580132 -0.7423347 0.1263006 0
3.400688 1.097489 0.5980315 1

-0.0234131 -0.9629511 -0.2686574 0
-0.3281995 0.2612407 -0.9077656 0
0.9443182 0.06691961 -0.3221566 0
3.393868 1.067761 -0.1920211 1

-0.4429115 0.8467129 -0.2947982 0
0.419576 0.4863298 0.7664456 0
0.792329 0.2157774 -0.5706618 0
3.49215 1.044018 -0.2354192 1

-0.1819128 -0.7907716 0.5844539 0
-0.1009429 -0.5762135 -0.8110411 0
0.9781196 -0.2065354 0.02499786 0
3.293462 1.029939 -0.1676386 1

0.9443181 0.0669196 -0.3221566 0
0.08579384 0.8951517 0.4374264 0
0.3176514 -0.4407087 0.8395669 0
3.393868 1.067761 -0.1920211 1

-0.01682024 -0.990214 -0.1385355 0
-0.3395566 0.1359776 -0.9307045 0
0.9404351 0.03138598 -0.3385212 0
3.40527 1.186709 -0.1338907 1

-0.4428852 0.8467309 -0.2947844 0
0.4195859 0.486303 0.7664568 0
0.7923383 0.2157653 -0.5706535 0
3.49215 1.044018 -0.2354192 1

-0.1817905 -0.7908071 0.5844426 0
-0.1009412 -0.5761994 -0.8110508 0
0.978142 -0.206436 0.02492255 0
3.293462 1.029939 -0.1676385 1

-0.1818987 -0.7907921 0.5844296 0
-0.1009306 -0.5761911 -0.8110583 0
0.9781233 -0.2065176 0.02499324 0
3.25099 0.8452791 -0.03116655 1

-0.02472287 0.9337764 0.3569998 0
0.7272968 -0.2282072 0.6472712 0
0.6858772 0.2756474 -0.6734915 0
3.699975 0.6466674 -0.09708127 1

-0.4428854 0.8467311 -0.2947835 0
0.4195945 0.4863047 0.7664509 0
0.7923335 0.2157606 -0.5706618 0
3.596056 0.8453575 -0.1662539 1

-0.2194463 -0.9578294 -0.1854822 0
0.1943808 0.14338 -0.9703898 0
0.9560639 -0.2490029 0.1547196 0
3.208525 0.6606454 0.1052893 1

-0.09784258 -0.9531775 -0.2861429 0
-0.3518149 0.3020852 -0.8859851 0
0.9309416 0.0139823 -0.3648993 0
3.410129 1.247926 -0.114718 1

-0.2194463 -0.9578291 -0.1854798 0
0.1943818 0.1433773 -0.9703895 0
0.9560632 -0.2490028 0.1547212 0
3.208525 0.6606451 0.1052893 1

-0.9560636 0.2490028 -0.1547195 0
-0.2257467 -0.962042 -0.1533293 0
-0.1870265 -0.1116652 0.9759865 0
3.208525 0.6606451 0.1052893 1

-0.2194457 -0.9578277 -0.185487 0
0.1934017 0.1436399 -0.9705465 0
0.9562622 -0.2488563 0.1537247 0
3.14969 0.4038491 0.05552113 1

0.2311155 0.9589778 0.1641501 0
0.788702 -0.2834574 0.545527 0
0.5696788 0.003385998 -0.8218603 0
3.713114 0.1484512 -0.2876292 1

0.1454193 -0.9544759 -0.2604322 0
0.3118582 0.2940321 -0.9034859 0
0.9389333 0.05016624 0.3404198 0
3.090857 0.147053 0.005753249 1

-0.6858772 -0.2756474 0.6734915 0
0.03776158 -0.9377185 -0.3453344 0
0.7267362 -0.2114248 0.653569 0
3.699975 0.6466674 -0.09708121 1

-0.02471956 0.9337748 0.3570032 0
0.7266349 -0.2284776 0.6479182 0
0.6865782 0.2754276 -0.6728666 0
3.706547 0.3975589 -0.1923532 1

-0.2757351 -0.7111702 -0.6466878 0
-0.2776234 0.7030177 -0.6547441 0
0.9202687 -0.001000211 -0.3912847 0
3.430688 1.396039 -0.05659038 1

-0.02463808 0.9337376 0.3571054 0
0.7272851 -0.2283429 0.6472358 0
0.6858921 0.2756645 -0.6734688 0
3.699975 0.6466674 -0.09708121 1

0.7881797 -0.1830446 0.5875927 0
-0.1219705 -0.9822663 -0.1423843 0
0.6032364 0.04055569 -0.7965301 0
3.868939 0.03657506 -0.1834881 1

0.693005 -0.001792349 -0.7209294 0
0.6176459 -0.5142816 0.5950003 0
-0.3718277 -0.8576177 -0.3552929 0
3.559752 1.576699 0.1120649 1

-0.9608599 -0.02080657 -0.2762484 0
-0.2674052 -0.1909151 0.9444799 0
-0.07239156 0.9813831 0.1778792 0
3.042192 0.04707471 0.1619349 1

0.2683246 0.1821347 -0.9459518 0
-0.071078 0.9830276 0.1691121 0
0.9607015 0.0218593 0.2767172 0
3.042186 0.04707616 0.1619335 1

0.9863621 -0.05141055 0.1563488 0
0.1620214 0.470311 -0.8674991 0
-0.02893421 0.8810003 0.4722272 0
3.462939 1.576804 0.1532283 1

-0.60329 -0.04093091 0.7964703 0
0.7881736 -0.1830531 0.5875984 0
0.1217458 0.9822493 0.1426947 0
3.868939 0.03657712 -0.1834851 1

-0.1937995 0.03664089 -0.9803553 0
-0.07518262 0.9958072 0.05208062 0
0.9781554 0.08379896 -0.1902328 0
3.524049 1.636876 0.16237 1

-0.9202683 0.001000226 0.3912845 0
0.2203716 -0.8249924 0.5204045 0
0.3233277 0.5651402 0.7589949 0
3.37341 1.377828 0.1111596 1

-0.9202683 0.001000226 0.3912845 0
0.2203716 -0.8249924 0.5204045 0
0.3233277 0.5651402 0.7589949 0
3.59112 1.377683 0.01861814 1

0.9781554 0.08379896 -0.1902328 0
0.1937994 -0.03664086 0.980355 0
0.07518261 -0.9958069 -0.05208056 0
3.534265 1.634945 0.2140503 1

0.1148359 -0.6167235 -0.778756 0
-0.1039199 0.7721823 -0.6268423 0
0.987933 0.1529124 0.02458391 0
3.544481 1.633014 0.2657306 1

-0.7681789 -0.0194511 0.6399392 0
0.4385298 -0.7442355 0.5037877 0
0.4664665 0.6676314 0.5802362 0
3.887985 0.03199816 -0.2048998 1

0.1741314 -0.9675526 -0.1830744 0
0.7671831 0.01674532 0.6412067 0
-0.6173376 -0.2521063 0.7452078 0
3.704597 1.544922 -0.009926617 1

-0.997299 0.0166559 -0.0715169 0
-0.05751137 -0.7827216 0.6197041 0
-0.04565619 0.6221437 0.7815673 0
3.024512 0.04321028 0.1704375 1

-0.9935127 0.01582988 -0.112603 0
-0.09215921 -0.6921615 0.7158308 0
-0.06660807 0.7215645 0.6891315 0
3.035992 0.04287282 0.1837672 1

-0.9979364 -0.03254843 -0.05532619 0
-0.01497582 -0.7200644 0.6937421 0
-0.06241885 0.6931389 0.7180923 0
3.014008 0.04063117 0.1562085 1

-0.9915275 0.03900452 -0.1238925 0
-0.1145305 -0.7124541 0.6923053 0
-0.06126477 0.7006291 0.7108864 0
3.051404 0.04600341 0.1899001 1

-0.9838117 -0.03864386 -0.174982 0
-0.1397762 -0.4455571 0.884272 0
-0.1121366 0.8944157 0.4329436 0
3.073255 0.04415805 0.1930491 1

0.439241 0.8979557 0.02719392 0
0.2377737 -0.08701071 -0.9674141 0
-0.8663306 0.4313944 -0.251729 0
3.272227 1.556119 0.1446894 1

-0.7571464 -0.06913906 0.649575 0
0.429589 -0.8018119 0.4153877 0
0.492118 0.59356 0.6367912 0
3.888017 0.03366011 -0.1873764 1

-0.6855513 -0.01720473 0.7278205 0
0.6475673 -0.4712423 0.5988195 0
0.3326775 0.8818338 0.3342021 0
3.86294 0.03132126 -0.1408265 1

-0.7295943 -0.06973229 0.6803149 0
0.512973 -0.7136856 0.4769784 0
0.4522704 0.6969838 0.5564722 0
3.886855 0.0324138 -0.1701317 1

-0.7208717 -0.09314638 0.68678 0
0.517423 -0.7315992 0.443883 0
0.4611021 0.6753387 0.575586 0
3.878223 0.03447545 -0.1560741 1

-0.9202678 0.001000114 0.3912842 0
0.2203715 -0.8249916 0.5204041 0
0.3233274 0.5651398 0.7589946 0
3.378884 1.357336 0.1240864 1

-0.9202678 0.001000188 0.3912843 0
0.2203714 -0.8249916 0.520404 0
0.3233275 0.5651398 0.7589946 0
3.596594 1.35719 0.0315448 1

-0.01710834 -0.8084366 -0.5883296 0
0.08584401 -0.5874305 0.8047053 0
-0.9961604 -0.03673763 0.07944998 0
3.544481 1.633014 0.2657298 1

0.1741313 -0.9675521 -0.1830743 0
0.1677281 -0.1540551 0.97372 0
-0.9703313 -0.2002623 0.1354609 0
3.704597 1.544922 -0.009926766 1

0.07129782 -0.2019227 0.976801 0
0.3311452 0.9285415 0.1677756 0
-0.9408805 0.3115013 0.1330697 0
3.757745 1.249622 -0.06580332 1

-0.5495601 0.4004077 -0.7332486 0
-0.04642519 -0.8909451 -0.4517265 0
-0.8341611 -0.2142098 0.508218 0
3.133964 1.273465 0.1361312 1

0.4392393 0.8979559 0.02719344 0
-0.5288693 0.2829304 -0.8001524 0
-0.7261977 0.3370771 0.5991766 0
3.272227 1.556119 0.1446891 1

-0.08584478 0.5873935 -0.8047314 0
-0.01696185 -0.8084573 -0.588304 0
-0.9961627 -0.03685332 0.0793658 0
3.547413 1.628933 0.3006012 1

-0.7884713 0.5883894 0.1791822 0
0.07129635 -0.2019234 0.9768004 0
0.6109219 0.7829553 0.1172605 0
3.757744 1.249622 -0.06580323 1

-0.6173365 -0.2521093 0.7452064 0
0.1741334 -0.9675503 -0.1830765 0
0.7671824 0.01674569 0.6412063 0
3.731169 1.397272 -0.03786436 1

-0.7791137 -0.5624625 0.2767901 0
0.5495607 -0.4004078 0.7332472 0
-0.3015962 0.7233975 0.6210722 0
3.133965 1.273465 0.1361305 1

-0.5495679 0.4004104 -0.7332404 0
-0.3944516 -0.8980377 -0.1947598 0
-0.7364634 0.1821947 0.6514766 0
3.225015 1.207127 0.2576188 1

-0.7453498 -0.6578383 0.1081557 0
0.6470867 -0.6748381 0.3547779 0
-0.1603993 0.3344204 0.9286709 0
3.133965 1.273465 0.1361305 1

0.08306992 -0.2721068 0.9586722 0
0.8162929 0.5703945 0.09116596 0
-0.57163 0.7749852 0.2695024 0
3.783361 1.177072 0.2851588 1

0.07128681 -0.2019258 0.9768005 0
0.003071232 0.9793312 0.2022248 0
-0.9974492 -0.01141592 0.07043429 0
3.770556 1.213347 0.1096781 1

-0.6889455 0.6822543 0.2447014 0
-0.2444894 -0.5365664 0.8076613 0
0.6823307 0.4966086 0.5364698 0
3.757744 1.249622 -0.06580314 1

0.9961602 0.03673756 -0.07945001 0
-0.08584413 0.5874211 -0.8047111 0
0.01710749 0.8084425 0.5883201 0
3.594801 1.651369 0.3922353 1

0.9961601 0.03673755 -0.07944995 0
-0.08584392 0.5874317 -0.8047034 0
0.01710865 0.8084346 0.588331 0
3.513599 1.648375 0.3987099 1

-0.08573775 0.5874411 -0.8047078 0
-0.01710562 -0.8084304 -0.5883366 0
-0.9961694 -0.0366779 0.07936221 0
3.552129 1.612897 0.3523334 1

-0.8663298 0.4313959 -0.2517283 0
-0.4392425 -0.8979542 -0.02719325 0
-0.2377721 0.08701122 0.9674135 0
3.203095 1.414793 0.1404093 1

-0.1444097 0.2246732 -0.9636713 0
0.6397001 -0.7218068 -0.2641456 0
-0.7549337 -0.6546077 -0.03948767 0
3.316068 1.140785 0.3791009 1

-0.08351196 0.6703974 -0.7372819 0
-0.02603528 -0.7410815 -0.6709037 0
-0.9961651 -0.03683342 0.07934393 0
3.550655 1.595197 0.3256579 1

-0.5494535 0.4958893 0.67245 0
-0.1162581 0.7516188 -0.6492658 0
-0.8273934 -0.4349204 -0.355329 0
3.755882 1.186468 0.3300759 1

-0.1663906 -0.3656053 0.9157736 0
0.803238 0.4884291 0.3409391 0
-0.5719417 0.7923146 0.2123989 0
3.794881 1.139335 0.4181085 1

-0.3284137 -0.4975263 0.8028739 0
0.7448012 0.3863383 0.5440655 0
-0.58087 0.7766614 0.2436803 0
3.809877 1.117885 0.4053094 1

0.3032085 0.05290593 0.9514509 0
0.7856151 0.5512141 -0.281011 0
-0.539322 0.8326804 0.1255695 0
3.762161 1.182366 0.4291247 1

0.07813355 0.02141106 -0.9967095 0
0.6813363 -0.7309936 0.03770795 0
-0.7277842 -0.6820433 -0.07170363 0
3.338241 1.10629 0.5270571 1

0.1012435 0.3147418 -0.9437588 0
0.5769728 -0.7913784 -0.2020276 0
-0.8104604 -0.5240714 -0.2617204 0
3.317359 1.087739 0.5265994 1

0.2133148 -0.008874916 0.9769399 0
0.804661 0.5687124 -0.1705319 0
-0.5540864 0.8224843 0.1284567 0
3.779783 1.161415 0.4268016 1

-0.08565137 0.5873965 -0.8047494 0
0.01712086 0.8084654 0.5882869 0
0.9961759 0.03660985 -0.07930365 0
3.550689 1.595482 0.3263083 1

-0.08580588 0.5874217 -0.8047137 0
0.01708186 0.8084405 0.5883211 0
0.9961636 0.03673575 -0.07940407 0
3.552157 1.612363 0.3524685 1

-0.7573153 0.1246047 -0.6410474 0
-0.3722141 -0.8889295 0.2669351 0
-0.5365861 0.4407619 0.7195815 0
3.361903 1.156396 0.4226419 1

-0.5235589 0.117495 -0.8438449 0
0.6789687 -0.5407638 -0.4965568 0
-0.5146663 -0.8329242 0.203347 0
3.378242 1.14326 0.5223287 1

-0.3078094 0.0713577 -0.948765 0
0.6531019 -0.7092965 -0.2652337 0
-0.6918853 -0.7012843 0.1717249 0
3.358718 1.126097 0.5257291 1

-0.0784671 0.7768244 -0.6248016 0
-0.03862263 -0.6286324 -0.7767372 0
-0.9961663 -0.03681713 0.07933085 0
3.551838 1.585698 0.3361036 1

-0.2489072 -0.431354 0.8671634 0
0.7832895 0.4369485 0.4421839 0
-0.5696459 0.7893045 0.2291163 0
3.78661 1.121161 0.4636303 1

-0.08092132 -0.04754046 0.9955821 0
-0.2774884 0.9604412 0.0233084 0
-0.9573117 -0.2743777 -0.09091213 0
3.711799 1.226253 0.3840272 1

-0.2625784 -0.4499704 0.8535644 0
0.8004564 0.3923881 0.4530938 0
-0.5388094 0.8022156 0.2571502 0
3.776801 1.184921 0.4750646 1

-0.7391322 -0.6731144 -0.02434555 0
0.1575627 -0.2079331 0.9653655 0
-0.6548664 0.7096984 0.2597491 0
3.796146 1.097083 0.4388775 1

-0.1837039 0.368368 -0.9113454 0
0.6203787 -0.6757061 -0.3981748 0
-0.7624805 -0.6385282 -0.1043983 0
3.333436 1.104973 0.5883487 1

-0.1295883 0.6636389 -0.7367378 0
0.4732073 -0.6115423 -0.6341003 0
-0.8713641 -0.4308035 -0.2347911 0
3.311731 1.070243 0.5790634 1

-0.5259014 -0.5812154 0.6209752 0
0.6467834 0.2008486 0.7357473 0
-0.5523517 0.7885685 0.2702948 0
3.790679 1.160962 0.4766983 1

-0.7812089 0.2001369 -0.591313 0
-0.4268594 -0.8624241 0.2720434 0
-0.4555185 0.4649318 0.7591668 0
3.417038 1.147324 0.4693127 1

-0.6981458 0.3428817 -0.628504 0
0.4667927 -0.4476181 -0.762715 0
-0.5428535 -0.8258707 0.1524486 0
3.406601 1.136896 0.5680363 1

-0.6424676 0.6779445 -0.3572383 0
0.1806827 -0.3190193 -0.9303615 0
-0.7447032 -0.6622769 0.082467 0
3.378249 1.121569 0.5859288 1

-0.1500938 -0.3400841 0.9283353 0
0.8149114 0.4891126 0.3109352 0
-0.5598073 0.8031826 0.2037267 0
3.777687 1.105699 0.4947158 1

-0.02093762 0.03727055 0.999081 0
-0.2716308 0.9614981 -0.04156091 0
-0.9621703 -0.2722531 -0.01000729 0
3.708416 1.224266 0.4256368 1

-0.4464749 -0.2158722 0.8683617 0
0.7909616 0.3585334 0.4958079 0
-0.4183692 0.9082088 0.01067041 0
3.768624 1.170908 0.501645 1

-0.6785921 -0.73034 -0.07814567 0
0.1316546 -0.2256106 0.9652764 0
-0.7226142 0.6447428 0.2492518 0
3.772328 1.075393 0.4380927 1

-0.7011762 0.1786705 -0.6902322 0
0.5383014 -0.5021355 -0.6768171 0
-0.4675204 -0.8461254 0.2559081 0
3.430993 1.124917 0.589994 1

-0.04314613 0.2271175 -0.9729066 0
0.6733069 -0.7128318 -0.1962646 0
-0.7380983 -0.6635361 -0.1221645 0
3.338697 1.094423 0.6144489 1

-0.7590239 -0.4127951 -0.503463 0
-0.2759981 -0.4963619 0.823069 0
-0.5896612 0.7636856 0.2628208 0
3.773066 1.141498 0.4974936 1

-0.07845555 0.7769771 -0.6246124 0
-0.03863911 -0.6284434 -0.7768896 0
-0.9961661 -0.0368171 0.0793274 0
3.553392 1.570308 0.3484809 1

-0.09520137 0.3512226 -0.9314345 0
0.5848339 -0.7374409 -0.3378478 0
-0.8055425 -0.5769009 -0.1352024 0
3.315708 1.049879 0.6016698 1

-0.8060198 0.107942 -0.5819559 0
-0.3526229 -0.8772598 0.325673 0
-0.4753751 0.4677119 0.7451552 0
3.461675 1.135889 0.5030984 1

-0.7343225 0.5915068 -0.332988 0
0.1727204 -0.3115865 -0.9343836 0
-0.656453 -0.7436567 0.1266402 0
3.401118 1.097438 0.5986443 1

-0.02376937 -0.9629735 -0.2685454 0
-0.329879 0.261131 -0.9071881 0
0.9437239 0.06702422 -0.3238718 0
3.392666 1.067413 -0.1911396 1

-0.4437997 0.8465437 -0.2939471 0
