MeshAnim
1
1
100
30
1.405115E-06 -0.9974714 -0.07106964 0
-1.282793E-05 0.07106967 -0.9974713 0
1 2.279878E-06 -1.276843E-05 0
0.0001868005 1.170395 -0.04594465 1

-0.03827668 0.9985394 -0.0381266 0
0.04569767 0.0398638 0.9981593 0
0.9982219 0.03646391 -0.04715682 0
0.1053881 1.138323 -0.04917035 1

-0.03755114 -0.9978975 0.05281166 0
0.05140107 -0.05470783 -0.997178 0
0.9979717 -0.03473066 0.0533474 0
-0.1050147 1.138323 -0.04917002 1

1 2.108514E-06 -1.276843E-05 0
1.288941E-06 0.9654305 0.2606592 0
1.288616E-05 -0.2606593 0.9654304 0
0.0001867996 1.170395 -0.04594469 1

2.68641E-06 -0.9951807 0.09805369 0
-2.81425E-06 -0.09805372 -0.9951807 0
1 2.361834E-06 -3.052875E-06 0
0.0001871604 1.298684 -0.01130288 1

-0.03825852 0.9985408 -0.03809693 0
0.04569448 0.0398332 0.9981605 0
0.9982226 0.03644734 -0.04715184 0
0.1053882 1.138323 -0.04917041 1

-0.03742382 -0.997902 0.05280117 0
0.05140017 -0.05469052 -0.9971786 0
0.9979761 -0.03460432 0.05333905 0
-0.1050147 1.138323 -0.04917005 1

-0.03753215 -0.9978992 0.05278262 0
0.05140911 -0.05467808 -0.9971791 0
0.997972 -0.03471287 0.05335333 0
-0.1137745 0.905301 -0.0368439 1

-0.001636513 0.9999966 -0.001634594 0
-0.009825127 0.001618423 0.9999501 0
0.9999505 0.001652494 0.009822385 0
0.1233324 0.6697343 -0.0312942 1

-0.03825902 0.9985407 -0.03809636 0
0.04570509 0.03983304 0.9981599 0
0.9982219 0.03644744 -0.04716242 0
0.1143596 0.904045 -0.04023137 1

0.0009092459 -0.9998994 -0.01405492 0
-0.005869968 0.01404934 -0.9998834 0
0.9999818 0.000991568 -0.005856676 0
-0.1225336 0.6723105 -0.02451681 1

-2.232744E-06 -0.9983897 0.05671466 0
-2.605772E-06 -0.05671465 -0.9983897 0
0.9999998 -2.391636E-06 -2.516434E-06 0
0.0001873125 1.362828 -0.006398904 1

0.0009095626 -0.9998987 -0.01405257 0
-0.005868299 0.014047 -0.999883 0
0.9999814 0.0009918436 -0.005854947 0
-0.1225336 0.6723102 -0.02451673 1

-0.9999816 -0.0009916909 0.005856646 0
0.001102761 -0.9998173 0.0189745 0
0.005836738 0.01898058 0.9998018 0
-0.1225336 0.6723102 -0.02451673 1

0.0009086201 -0.9998985 -0.01405991 0
-0.006894989 0.01405328 -0.9998763 0
0.9999751 0.001005378 -0.006881548 0
-0.1222968 0.404228 -0.02832371 1

0.04473301 0.963962 0.2622486 0
0.07028687 -0.2648977 0.9617109 0
0.9965234 -0.02458759 -0.07960366 0
0.1242188 0.1361621 -0.03050523 1

0.05177138 -0.9569429 -0.2856144 0
0.07773622 0.2889917 -0.9541689 0
0.995628 0.02719599 0.0893508 0
-0.1220594 0.1361457 -0.03213066 1

-0.9999503 -0.001652431 -0.009822415 0
0.001460099 -0.9998064 0.0195597 0
-0.009852903 0.01954435 0.9997596 0
0.1233323 0.6697343 -0.03129416 1

-0.00163709 0.9999961 -0.001629526 0
-0.0107895 0.001611762 0.9999397 0
0.9999403 0.00165458 0.01078682 0
0.1237758 0.4029485 -0.03089636 1

-2.373934E-06 -0.959283 -0.2824436 0
-4.302829E-06 0.2824436 -0.9592831 0
0.9999998 -1.087785E-06 -4.841015E-06 0
0.0001877374 1.523188 -0.001495319 1

-0.001661576 0.9999963 -0.001495935 0
-0.009846525 0.001479493 0.9999495 0
0.9999499 0.001676217 0.009843992 0
0.1233323 0.6697343 -0.03129416 1

0.04007195 -0.1631159 0.9857918 0
0.00695969 -0.9865144 -0.1635184 0
0.9991724 0.01341332 -0.03839649 0
0.1394473 0.02786119 0.1583917 1

0.9058887 -0.1424551 -0.3988366 0
0.3993336 -0.02634354 0.9164258 0
-0.1410566 -0.9894491 0.03302294 0
0.05278929 1.779765 0.09411608 1

-0.999758 0.002502404 -0.02181055 0
-0.02189355 -0.1870557 0.9821035 0
-0.001622097 0.9823433 0.1870653 0
-0.1315767 0.03692928 0.1316438 1

0.0219575 0.1870284 -0.9821072 0
-0.001989877 0.9823492 0.1870302 0
0.9997558 -0.002152488 0.02194216 0
-0.1315838 0.03693087 0.1316443 1

0.9058887 0.1424555 0.3988366 0
0.3993335 0.02634452 -0.916426 0
-0.1410575 0.9894493 -0.03302202 0
-0.0524122 1.779765 0.09411629 1

-0.9991698 -0.01379228 0.03832455 0
0.04006306 -0.1631236 0.9857907 0
-0.007344632 0.9865077 0.1635408 0
0.139445 0.02786355 0.1583932 1

0.06241831 -0.7199282 -0.6912342 0
-0.0134062 0.6919174 -0.7218504 0
0.9979596 0.05432352 0.03353681 0
0.000188699 1.848028 0.09411596 1

-0.9999995 1.080334E-06 4.841015E-06 0
3.763351E-06 -0.4590259 0.8884212 0
2.895589E-06 0.8884214 0.4590261 0
-0.1181433 1.569533 0.1234146 1

-0.9999995 1.080334E-06 4.841015E-06 0
3.763351E-06 -0.4590259 0.8884212 0
2.895589E-06 0.8884214 0.4590261 0
0.1184192 1.569624 0.1233913 1

0.9979595 0.05432352 0.03353681 0
-0.06241831 0.7199281 0.6912341 0
0.01340619 -0.6919171 0.7218502 0
-0.003101855 1.88598 0.1305546 1

0.06321627 -0.9023441 -0.4263509 0
0.007814368 0.4276398 -0.9039134 0
0.9979687 0.05381044 0.03408502 0
-0.006392349 1.923932 0.1669931 1

-0.9820084 0.002389573 -0.1888209 0
-0.1314016 -0.7267756 0.6741868 0
-0.1356197 0.6868684 0.714014 0
0.1679502 0.02255739 0.1596711 1

0.9993985 -0.03442837 -0.003867818 0
0.0252762 0.6482343 0.7610185 0
-0.02369347 -0.7606598 0.6487157 0
0.2343482 1.735492 0.04997891 1

-0.9817696 0.03911364 0.186001 0
0.08407128 -0.7882954 0.6095216 0
0.1704649 0.6140471 0.7706377 0
-0.1465849 0.03335287 0.1443642 1

-0.9886291 0.03867349 0.1453094 0
0.07731307 -0.6981052 0.7118052 0
0.1289695 0.7149455 0.6871783 0
-0.1320909 0.03261447 0.1543127 1

-0.9794242 -0.01024643 0.2015474 0
0.1455992 -0.7274235 0.6705602 0
0.1397399 0.6861077 0.713949 0
-0.1604344 0.03116451 0.1332806 1

-0.9890416 0.06192672 0.1340139 0
0.04919401 -0.7176381 0.6946728 0
0.1391928 0.6936526 0.7067285 0
-0.1155532 0.03533977 0.1563171 1

-0.9964952 -0.01528398 0.08222702 0
0.08022796 -0.4524596 0.8881661 0
0.02362966 0.8916505 0.4521006 0
-0.09367352 0.03298484 0.1537631 1

0.9993911 0.03479058 0.002313094 0
0.02836818 -0.772738 -0.6340882 0
-0.02027285 0.6337683 -0.7732555 0
-0.2339712 1.735493 0.04997902 1

-0.9837804 -0.04694438 -0.1731215 0
-0.0702215 -0.7873177 0.6125325 0
-0.1650571 0.6147547 0.7712522 0
0.154463 0.02481297 0.1707545 1

-0.9975668 0.007605042 -0.06929632 0
-0.06527879 -0.4507454 0.8902612 0
-0.02446471 0.892618 0.4501451 0
0.1025176 0.02405921 0.1808717 1

-0.9901142 -0.04649799 -0.1323284 0
-0.06270704 -0.6971644 0.7141616 0
-0.1254621 0.7153993 0.6873571 0
0.1403583 0.02415276 0.1807996 1

-0.990205 -0.06968082 -0.1209851 0
-0.03476664 -0.7161913 0.697035 0
-0.1352189 0.694414 0.7067547 0
0.1240735 0.02669175 0.1829763 1

-0.9999988 8.046627E-07 4.692003E-06 0
3.793153E-06 -0.4590257 0.8884206 0
2.590115E-06 0.8884211 0.4590259 0
-0.1181431 1.558131 0.1454827 1

-0.9999988 1.750886E-06 4.066154E-06 0
2.809677E-06 -0.4590258 0.8884205 0
3.134008E-06 0.888421 0.4590262 0
0.1184195 1.558222 0.1454595 1

-0.09629561 -0.9783754 -0.1830394 0
-0.008910882 -0.1830394 0.9830626 0
-0.9953122 0.0962958 0.008907689 0
-0.006392363 1.923931 0.1669927 1

0.9993978 -0.03442834 -0.003867788 0
0.003309263 -0.01626233 0.9998604 0
-0.03448644 -0.999273 -0.01613821 0
0.2343485 1.735492 0.04997891 1

0.9980037 0.01281906 0.06181585 0
-0.0614297 0.4229848 0.9040495 0
-0.01455812 -0.9060438 0.422929 0
0.5393686 1.724987 0.04879718 1

0.9984868 -0.01442732 -0.05303339 0
-0.05313734 -0.499893 -0.8644533 0
-0.01403928 0.8659643 -0.4999042 0
-0.5485549 1.724542 0.04925225 1

0.9993904 0.03479166 0.002311783 0
0.001845824 0.01342184 -0.9999067 0
-0.03481957 0.9993023 0.01334914 0
-0.2339711 1.735492 0.04997887 1

0.008906501 0.1829944 -0.9830702 0
-0.09615352 -0.9783967 -0.1829956 0
-0.9953256 0.09615578 0.008881493 0
-0.005003801 1.935203 0.2003434 1

-0.03318533 -0.7264537 0.6864102 0
0.9980034 0.01281762 0.06181492 0
-0.05370413 0.6870921 0.7245789 0
0.5393686 1.724986 0.0487973 1

-0.02369017 -0.7606592 0.648715 0
0.9993972 -0.03442562 -0.003869755 0
0.02527593 0.6482339 0.761018 0
0.3868577 1.730238 0.04938829 1

-0.03469798 0.582863 -0.8118265 0
-0.9984865 0.01442594 0.05303336 0
0.04262246 0.8124388 0.5814818 0
-0.5485547 1.724542 0.04925278 1

0.9984866 -0.01441579 -0.05303345 0
-0.05409312 -0.08729573 -0.9947107 0
0.009709943 0.996075 -0.08794355 0
-0.7139853 1.726936 0.05804042 1

0.0249389 0.4212087 -0.9066185 0
-0.9034457 -0.3787523 -0.2008174 0
-0.4279713 0.82409 0.3710946 0
-0.5485547 1.724542 0.04925272 1

0.9595362 -0.0400454 -0.2787161 0
0.01032056 0.9941695 -0.1073101 0
0.281389 0.1000911 0.9543564 0
0.8979485 1.729592 0.07100765 1

0.9980034 0.01280768 0.06181364 0
-0.06279559 0.1012595 0.9928733 0
0.006457273 -0.9947752 0.1018623 0
0.718659 1.727293 0.05990277 1

0.01160908 -0.6198759 0.7846112 0
0.9028593 -0.3307537 -0.274668 0
0.4297745 0.7115834 0.555822 0
0.5393686 1.724986 0.04879733 1

0.995312 -0.09629585 -0.008907719 0
0.00890978 0.1830282 -0.9830639 0
0.09629575 0.9783764 0.1830283 0
0.04199586 1.990735 0.2768491 1

0.9953119 -0.09629583 -0.008907719 0
0.008911091 0.1830412 -0.9830614 0
0.09629562 0.9783741 0.1830413 0
-0.03913626 1.998585 0.2775733 1

0.009017664 0.1830373 -0.983061 0
-0.09629194 -0.9783728 -0.1830477 0
-0.9953112 0.09631181 0.008802397 0
-0.003772665 1.942959 0.2541386 1

-0.02027101 0.6337689 -0.7732547 0
-0.9993905 -0.03478858 -0.002313899 0
-0.02836709 0.7727367 0.6340885 0
-0.3912628 1.730017 0.04961464 1

0.9747434 0.04888162 0.2179022 0
0.02716592 -0.9944549 0.1015632 0
0.2216595 -0.09307887 -0.9706696 0
-0.8794151 1.729322 0.0668261 1

0.01915671 0.2864625 -0.9578958 0
-0.0946518 -0.9532488 -0.2869657 0
-0.995325 0.09616423 0.008853061 0
-0.006564493 1.915628 0.2376372 1

0.8279631 -0.4476393 0.3377731 0
-0.1590419 0.3901531 0.9069061 0
-0.5377524 -0.8046079 0.2518404 0
0.9443649 1.718673 0.09524027 1

0.978516 -0.02843777 -0.2041877 0
0.03564964 0.9988575 0.03172754 0
0.2030527 -0.03832587 0.9784138 0
1.031018 1.724038 0.03235489 1

0.9795977 -0.02021783 -0.1999359 0
0.02740017 0.999069 0.03322076 0
0.1990787 -0.03802199 0.9792419 0
1.017968 1.720225 0.006587444 1

0.9849606 -0.1628764 -0.05760364 0
0.1562598 0.9821083 -0.1050748 0
0.07368727 0.09449306 0.9927909 0
1.042779 1.728547 0.08606675 1

0.9845226 0.0792024 0.156322 0
0.08023946 -0.9967718 -0.0003241018 0
0.1557925 0.01286211 -0.9877038 0
-1.029071 1.721817 0.03337073 1

0.9849305 0.09782001 0.142609 0
0.09869935 -0.9951131 0.0009128325 0
0.1420023 0.01317637 -0.9897761 0
-1.023571 1.71903 0.006124791 1

0.9854127 -0.1095925 -0.1301769 0
0.1061209 0.9937911 -0.03333411 0
0.133022 0.01903284 0.9909266 0
1.03996 1.727863 0.0587452 1

0.009099233 0.1829709 -0.9830726 0
0.09631275 0.978381 0.1829892 0
0.9953077 -0.09634781 -0.008719934 0
-0.006515034 1.916163 0.2381025 1

0.008947956 0.1830237 -0.9830633 0
0.09627002 0.9783775 0.1830275 0
0.9953135 -0.09627771 -0.00886525 0
-0.003813012 1.942537 0.2544923 1

0.8133972 0.4358847 -0.3852069 0
-0.1719946 -0.452381 -0.8750792 0
-0.5556957 0.7780417 -0.2929963 0
-0.9334859 1.724936 0.1028456 1

0.9838992 0.1780422 -0.01540167 0
0.1786623 -0.9780558 0.1071391 0
0.004011946 -0.108166 -0.9941223 0
-1.034177 1.727057 0.08755368 1

0.993655 0.06928381 0.08856572 0
0.06622306 -0.997113 0.03704685 0
0.09087743 -0.03094697 -0.9953787 0
-1.032681 1.725435 0.06142974 1

0.03356826 0.4302678 -0.9020717 0
-0.09055671 -0.8975587 -0.4314851 0
-0.9953238 0.09617322 0.008834166 0
-0.006835991 1.911569 0.2512089 1

0.9828644 -0.0859438 -0.1630481 0
0.1150116 0.9772497 0.178181 0
0.1440255 -0.1938815 0.9703912 0
1.079659 1.722624 0.02220508 1

0.852247 -0.4428499 0.2784813 0
-0.1099141 0.3688654 0.9229557 0
-0.5114561 -0.8171996 0.2656909 0
1.010793 1.682758 0.1223401 1

0.9930462 -0.1126752 -0.03400527 0
0.1112423 0.9929253 -0.04144596 0
0.03843449 0.03737435 0.9985576 0
1.090337 1.720682 0.08328554 1

0.9843963 -0.0818427 -0.1557527 0
0.1142539 0.9705352 0.21213 0
0.1338025 -0.2266167 0.9647449 0
1.058925 1.719379 -0.001771871 1

0.9826094 0.1344956 0.127996 0
0.1560055 -0.9718711 -0.17641 0
0.10067 0.1933105 -0.9759566 0
-1.089614 1.716946 0.02375782 1

0.9803684 0.158168 0.1177017 0
0.1815691 -0.9569675 -0.2263571 0
0.07683481 0.2432848 -0.966904 0
-1.078323 1.713593 -0.001802892 1

0.977529 -0.1721686 -0.1216103 0
0.1802364 0.9818663 0.0587087 0
0.1092974 -0.07930896 0.9908361 0
1.090289 1.722266 0.05209648 1

0.8464926 0.4255152 -0.3199698 0
-0.1140874 -0.4420564 -0.8896984 0
-0.5200269 0.7896295 -0.3256528 0
-0.9927042 1.693202 0.1308903 1

0.9751581 0.2180859 -0.03870813 0
0.2212728 -0.9670063 0.1262066 0
-0.009906782 -0.131637 -0.9912454 0
-1.087471 1.717414 0.088388 1

0.9884115 0.1331947 0.07276838 0
0.1364405 -0.9897701 -0.04159735 0
0.06648405 0.05104388 -0.9964784 0
-1.095729 1.721038 0.05581012 1

0.9986761 0.04021894 -0.03195084 0
-0.02724631 0.9420872 0.3342473 0
0.04354353 -0.3329363 0.9419388 0
1.114892 1.719543 0.01636016 1

0.8865067 -0.342845 0.3107319 0
-0.1477821 0.4265844 0.8922863 0
-0.4384724 -0.8369438 0.327506 0
1.046412 1.664249 0.1339794 1

0.9483929 -0.1595579 0.2740139 0
0.1664708 0.9860406 -0.002004698 0
-0.2698703 0.04751598 0.9617183 0
1.121261 1.717173 0.08222651 1

0.9765562 -0.07547664 -0.2015775 0
0.144815 0.9232392 0.3558773 0
0.1592444 -0.3767277 0.912528 0
1.090646 1.716741 -0.00679106 1

0.9863309 0.08121607 -0.1433447 0
0.0993403 -0.9872695 0.1241776 0
-0.1314349 -0.1367208 -0.9818482 0
-1.121539 1.709794 0.08974031 1

0.9971956 -0.06766033 0.0318674 0
-0.05645986 -0.960482 -0.2725383 0
0.04904868 0.2699755 -0.961614 0
-1.117755 1.713094 0.02009207 1

0.1446808 -0.961535 -0.233474 0
0.9869164 0.1571885 -0.03578375 0
0.07110678 -0.2252437 0.9716992 0
1.123026 1.716499 0.0480239 1

0.0335924 0.4304859 -0.9019662 0
-0.09054589 -0.8974543 -0.4317047 0
-0.9953235 0.09617174 0.008831127 0
-0.007501047 1.903044 0.2690794 1

0.9779535 -0.1078503 -0.178794 0
-0.1490171 -0.9602985 -0.2358204 0
-0.1462628 0.2572652 -0.9552042 0
-1.108406 1.708739 -0.005414665 1

0.8490904 0.3567776 -0.3895476 0
-0.1782858 -0.5006129 -0.8471084 0
-0.4972444 0.7887254 -0.3614592 0
-1.041071 1.668889 0.1491729 1

0.9842193 0.1586405 -0.07834534 0
0.1489148 -0.9818523 -0.1173921 0
-0.09554681 0.1038727 -0.9899873 0
-1.130911 1.716297 0.05322003 1

