MeshAnim
1
1
100
30
1.251698E-06 -0.9974715 -0.07106978 0
-1.242757E-05 0.07106978 -0.9974713 0
1 2.212822E-06 -1.239777E-05 0
3.404111 1.170396 -0.2148359 1

-0.03827639 0.9985394 -0.03812628 0
0.04569724 0.03986346 0.9981593 0
0.9982219 0.03646379 -0.04715642 0
3.509312 1.138323 -0.2180616 1

-0.03755151 -0.9978975 0.05281154 0
0.05140126 -0.0547077 -0.9971781 0
0.9979717 -0.03473092 0.0533475 0
3.298909 1.138324 -0.2180613 1

0.9999999 1.855195E-06 -1.239777E-05 0
1.361594E-06 0.9654302 0.2606598 0
1.245737E-05 -0.26066 0.9654301 0
3.404111 1.170396 -0.2148359 1

2.190471E-06 -0.9951807 0.09805377 0
-2.682209E-06 -0.0980538 -0.9951807 0
1 2.011657E-06 -2.95043E-06 0
3.404111 1.298684 -0.1801941 1

-0.03825824 0.9985408 -0.03809664 0
0.04569405 0.03983288 0.9981604 0
0.9982226 0.0364472 -0.04715142 0
3.509312 1.138323 -0.2180616 1

-0.0374242 -0.997902 0.05280102 0
0.0514003 -0.05469044 -0.9971786 0
0.9979761 -0.03460459 0.05333924 0
3.298909 1.138323 -0.2180614 1

-0.03753254 -0.9978992 0.05278248 0
0.05140924 -0.05467799 -0.9971792 0
0.9979719 -0.03471313 0.05335346 0
3.290149 0.9053016 -0.2057352 1

-0.001635976 0.9999965 -0.001634393 0
-0.009825557 0.001618261 0.9999499 0
0.9999504 0.001652062 0.009822845 0
3.527256 0.6697347 -0.2001855 1

-0.03825874 0.9985406 -0.03809604 0
0.04570466 0.0398327 0.9981598 0
0.9982219 0.0364473 -0.047162 0
3.518283 0.9040456 -0.2091227 1

0.000909131 -0.9998994 -0.0140553 0
-0.005869895 0.01404972 -0.9998833 0
0.9999818 0.0009915717 -0.005856633 0
3.28139 0.6723111 -0.1934082 1

-2.555549E-06 -0.9983897 0.05671448 0
-2.384186E-06 -0.05671455 -0.9983897 0
0.9999998 -2.592802E-06 -2.324581E-06 0
3.404111 1.362829 -0.1752901 1

0.0009094439 -0.9998987 -0.01405296 0
-0.005868226 0.01404738 -0.9998829 0
0.9999815 0.0009918511 -0.005854875 0
3.28139 0.6723108 -0.1934081 1

-0.9999816 -0.0009918064 0.005856544 0
0.001102716 -0.9998172 0.01897793 0
0.005836606 0.01898413 0.9998015 0
3.28139 0.6723108 -0.1934081 1

0.0009085052 -0.9998986 -0.0140603 0
-0.006894946 0.01405367 -0.9998763 0
0.999975 0.001005389 -0.006881475 0
3.281627 0.4042287 -0.1972152 1

0.04473354 0.963962 0.2622488 0
0.07028587 -0.2648979 0.9617107 0
0.9965233 -0.02458821 -0.07960288 0
3.528142 0.1361625 -0.1993966 1

0.05177126 -0.9569429 -0.2856148 0
0.07773605 0.2889921 -0.9541688 0
0.995628 0.02719603 0.08935058 0
3.281864 0.1361459 -0.2010224 1

-0.9999502 -0.001652017 -0.009822786 0
0.001459554 -0.9998063 0.01955948 0
-0.009853303 0.01954418 0.9997594 0
3.527256 0.6697347 -0.2001854 1

-0.001636557 0.9999961 -0.001629354 0
-0.01078996 0.001611585 0.9999395 0
0.9999402 0.00165417 0.01078719 0
3.527699 0.4029491 -0.1997877 1

-2.656132E-06 -0.9592831 -0.2824432 0
-4.23193E-06 0.2824432 -0.9592832 0
0.9999998 -1.266599E-06 -4.857779E-06 0
3.404112 1.523189 -0.1703865 1

-0.001661044 0.9999962 -0.001495732 0
-0.009846985 0.001479344 0.9999493 0
0.9999499 0.001675799 0.009844393 0
3.527256 0.6697347 -0.2001854 1

0.04007161 -0.1631155 0.9857916 0
0.006960583 -0.9865143 -0.163518 0
0.9991723 0.01341424 -0.03839603 0
3.543371 0.02786181 -0.01049989 1

0.9058888 -0.1424551 -0.3988365 0
0.3993337 -0.02634268 0.9164258 0
-0.1410564 -0.9894492 0.03302365 0
3.456713 1.779766 -0.07477525 1

-0.9997581 0.002502345 -0.02181029 0
-0.02189335 -0.187056 0.9821035 0
-0.001621993 0.9823432 0.1870657 0
3.272347 0.03692956 -0.03724802 1

0.0219577 0.1870297 -0.982107 0
-0.001989697 0.9823491 0.1870315 0
0.9997558 -0.002152592 0.02194232 0
3.27234 0.03693114 -0.03724745 1

0.9058882 0.142456 0.398837 0
0.399334 0.0263444 -0.9164259 0
-0.1410576 0.9894491 -0.03302248 0
3.351512 1.779766 -0.07477504 1

-0.9991699 -0.01379167 0.03832382 0
0.04006219 -0.1631238 0.9857906 0
-0.007344023 0.9865077 0.163541 0
3.543368 0.02786402 -0.01049823 1

0.06241824 -0.7199279 -0.6912346 0
-0.01340698 0.6919177 -0.72185 0
0.9979597 0.05432406 0.0335362 0
3.404113 1.848029 -0.07477537 1

-0.9999995 1.266599E-06 4.887581E-06 0
3.695488E-06 -0.4590255 0.8884215 0
3.196299E-06 0.8884217 0.4590258 0
3.285781 1.569533 -0.04547659 1

-0.9999995 1.266599E-06 4.887581E-06 0
3.695488E-06 -0.4590255 0.8884215 0
3.196299E-06 0.8884217 0.4590258 0
3.522343 1.569625 -0.04549998 1

0.9979596 0.05432406 0.0335362 0
-0.06241821 0.7199276 0.6912344 0
0.01340695 -0.6919174 0.7218498 0
3.400822 1.885981 -0.03833672 1

0.06321628 -0.9023436 -0.4263516 0
0.007813841 0.4276404 -0.903913 0
0.9979687 0.05381076 0.03408462 0
3.397532 1.923933 -0.001898199 1

-0.9820084 0.002388623 -0.1888213 0
-0.1314013 -0.7267756 0.674187 0
-0.1356207 0.6868683 0.7140139 0
3.571874 0.02255786 -0.009220451 1

0.9993985 -0.03442758 -0.003868461 0
0.0252765 0.6482369 0.7610165 0
-0.02369258 -0.7606577 0.6487182 0
3.638272 1.735493 -0.1189123 1

-0.9817697 0.03911348 0.1860009 0
0.084071 -0.7882962 0.6095204 0
0.1704649 0.6140462 0.7706386 0
3.257339 0.033353 -0.02452743 1

-0.9886292 0.03867336 0.1453094 0
0.07731278 -0.6981063 0.7118043 0
0.1289696 0.7149447 0.6871792 0
3.271832 0.03261461 -0.01457909 1

-0.9794241 -0.01024662 0.2015472 0
0.145599 -0.7274244 0.6705593 0
0.1397399 0.6861067 0.7139499 0
3.243489 0.03116489 -0.03561103 1

-0.9890415 0.06192662 0.1340139 0
0.04919374 -0.7176392 0.6946719 0
0.1391928 0.6936517 0.7067294 0
3.28837 0.03534004 -0.01257461 1

-0.9964952 -0.01528401 0.08222684 0
0.08022778 -0.4524608 0.8881658 0
0.02362976 0.8916501 0.4521019 0
3.31025 0.03298496 -0.01512843 1

0.999391 0.03479058 0.002313077 0
0.0283681 -0.7727386 -0.6340874 0
-0.02027264 0.6337674 -0.7732561 0
3.169953 1.735493 -0.1189123 1

-0.9837801 -0.04694531 -0.1731219 0
-0.07022119 -0.7873173 0.6125327 0
-0.1650579 0.6147549 0.7712517 0
3.558386 0.02481357 0.001862973 1

-0.9975667 0.00760388 -0.06929657 0
-0.06527859 -0.4507452 0.8902609 0
-0.02446567 0.8926181 0.4501449 0
3.506441 0.02405959 0.01198012 1

-0.9901137 -0.04649904 -0.1323286 0
-0.06270683 -0.6971642 0.7141618 0
-0.1254629 0.7153993 0.6873567 0
3.544282 0.02415337 0.01190811 1

-0.990205 -0.06968169 -0.1209855 0
-0.03476638 -0.7161909 0.697035 0
-0.1352197 0.6944141 0.7067542 0
3.527997 0.02669236 0.01408476 1

-0.9999988 1.072884E-06 4.798174E-06 0
3.635883E-06 -0.4590252 0.8884208 0
2.942979E-06 0.8884212 0.4590255 0
3.285781 1.558132 -0.02340847 1

-0.9999988 1.467764E-06 4.589558E-06 0
3.308058E-06 -0.4590252 0.8884208 0
3.233552E-06 0.8884211 0.4590255 0
3.522344 1.558222 -0.02343175 1

-0.09629546 -0.9783751 -0.1830402 0
-0.008910418 -0.1830401 0.9830624 0
-0.9953122 0.09629545 0.008908272 0
3.397532 1.923932 -0.001898557 1

0.9993979 -0.03442758 -0.003868401 0
0.003310084 -0.01625911 0.9998604 0
-0.034486 -0.9992731 -0.01613496 0
3.638273 1.735493 -0.1189124 1

0.9980038 0.01281871 0.06181601 0
-0.06142959 0.422987 0.9040485 0
-0.01455894 -0.9060426 0.4229312 0
3.943293 1.724988 -0.1200944 1

0.9984868 -0.0144277 -0.05303293 0
-0.05313711 -0.4998934 -0.8644528 0
-0.01403858 0.8659639 -0.4999047 0
2.855369 1.724543 -0.1196391 1

0.9993902 0.03479165 0.002311707 0
0.001845956 0.01342092 -0.9999066 0
-0.03481942 0.999302 0.01334819 0
3.169953 1.735493 -0.1189125 1

0.008905977 0.1829952 -0.9830701 0
-0.09615334 -0.9783964 -0.1829963 0
-0.9953256 0.09615539 0.008882076 0
3.39892 1.935204 0.03145218 1

-0.03318606 -0.726452 0.6864122 0
0.9980035 0.01281729 0.06181505 0
-0.0537038 0.6870937 0.7245772 0
3.943293 1.724987 -0.1200942 1

-0.02368924 -0.7606571 0.6487175 0
0.9993972 -0.03442485 -0.003870398 0
0.02527618 0.6482365 0.761016 0
3.790782 1.730239 -0.1195032 1

-0.03469732 0.5828619 -0.8118272 0
-0.9984865 0.01442637 0.05303285 0
0.04262249 0.8124393 0.5814807 0
2.855369 1.724542 -0.1196385 1

0.9984865 -0.01441623 -0.05303296 0
-0.05409256 -0.0872963 -0.9947104 0
0.009710521 0.9960749 -0.08794423 0
2.689939 1.726936 -0.110851 1

0.0249401 0.4212079 -0.9066186 0
-0.9034459 -0.3787519 -0.2008179 0
-0.4279709 0.8240904 0.3710934 0
2.855369 1.724542 -0.1196386 1

0.9595362 -0.04004673 -0.2787156 0
0.01032175 0.9941693 -0.1073121 0
0.2813888 0.1000926 0.9543564 0
4.301873 1.729593 -0.0978837 1

0.9980034 0.01280735 0.06181392 0
-0.06279579 0.1012619 0.9928733 0
0.006456427 -0.9947749 0.1018648 0
4.122583 1.727293 -0.1089887 1

0.01160845 -0.6198741 0.7846127 0
0.9028592 -0.3307548 -0.274667 0
0.429775 0.7115843 0.5558202 0
3.943293 1.724987 -0.1200942 1

0.995312 -0.09629548 -0.008908272 0
0.008909315 0.1830289 -0.9830636 0
0.09629562 0.9783764 0.1830291 0
3.44592 1.990736 0.1079577 1

0.9953119 -0.09629546 -0.008908302 0
0.008910596 0.183042 -0.9830612 0
0.09629547 0.9783739 0.1830422 0
3.364788 1.998585 0.1086822 1

0.009017169 0.1830381 -0.9830609 0
-0.0962918 -0.9783726 -0.1830484 0
-0.9953112 0.09631146 0.008802921 0
3.400151 1.942959 0.0852474 1

-0.02027094 0.6337678 -0.7732555 0
-0.9993904 -0.03478863 -0.002313733 0
-0.02836703 0.7727373 0.6340875 0
3.012661 1.730018 -0.1192768 1

0.9747431 0.04888199 0.2179027 0
0.02716607 -0.9944546 0.1015635 0
0.2216601 -0.09307885 -0.9706692 0
2.524509 1.729323 -0.1020654 1

0.01915625 0.2864632 -0.9578956 0
-0.09465168 -0.9532486 -0.2869665 0
-0.9953249 0.09616388 0.008853644 0
3.39736 1.915629 0.06874585 1

0.8279635 -0.4476379 0.3377736 0
-0.1590414 0.3901553 0.9069052 0
-0.5377519 -0.8046076 0.2518429 0
4.348289 1.718674 -0.07365108 1

0.9785162 -0.02843857 -0.2041869 0
0.03565023 0.9988575 0.03172525 0
0.2030519 -0.0383237 0.9784141 0
4.434942 1.724038 -0.1365364 1

0.9795986 -0.02021825 -0.1999322 0
0.02739989 0.9990692 0.03321677 0
0.1990751 -0.03801784 0.9792429 0
4.421892 1.720225 -0.1623039 1

0.9849617 -0.1628706 -0.05760291 0
0.1562541 0.9821089 -0.105078 0
0.07368651 0.0944968 0.9927906 0
4.446703 1.728547 -0.08282453 1

0.9845225 0.07920285 0.156322 0
0.08023978 -0.9967715 -0.0003241107 0
0.1557926 0.01286224 -0.9877034 0
2.374853 1.721817 -0.135521 1

0.9849302 0.09782172 0.142611 0
0.09870093 -0.9951125 0.0009129094 0
0.1420042 0.0131767 -0.9897756 0
2.380353 1.719031 -0.1627668 1

0.9854127 -0.1095933 -0.1301764 0
0.1061216 0.993791 -0.03333639 0
0.1330218 0.01903504 0.9909265 0
4.443884 1.727863 -0.1101461 1

0.009098798 0.1829717 -0.9830725 0
0.0963126 0.978381 0.1829898 0
0.9953079 -0.09634741 -0.008720458 0
3.397409 1.916164 0.06921113 1

0.008947432 0.1830245 -0.9830632 0
0.09626989 0.9783775 0.1830283 0
0.9953136 -0.09627735 -0.008865863 0
3.400111 1.942537 0.08560097 1

0.813398 0.4358886 -0.3852003 0
-0.1719888 -0.4523766 -0.8750821 0
-0.5556958 0.7780415 -0.2929953 0
2.470438 1.724936 -0.06604591 1

0.983898 0.1780482 -0.01540264 0
0.1786681 -0.9780545 0.1071389 0
0.004011631 -0.1081661 -0.994122 0
2.369747 1.727058 -0.0813379 1

0.9936547 0.0692839 0.08856636 0
0.06622296 -0.9971126 0.03704686 0
0.09087813 -0.03094674 -0.9953783 0
2.371243 1.725435 -0.1074619 1

0.0335677 0.4302685 -0.9020715 0
-0.0905567 -0.8975585 -0.4314857 0
-0.9953238 0.09617282 0.008834809 0
3.397088 1.911569 0.08231753 1

0.9828662 -0.0859248 -0.1630477 0
0.1149933 0.9772515 0.1781838 0
0.1440286 -0.1938816 0.9703908 0
4.483582 1.722625 -0.1466862 1

0.8522459 -0.4428551 0.2784763 0
-0.1099068 0.3688654 0.9229564 0
-0.5114596 -0.8171968 0.2656932 0
4.414717 1.682759 -0.04655114 1

0.9930469 -0.1126692 -0.03400454 0
0.1112365 0.9929257 -0.04145012 0
0.03843409 0.0373789 0.9985573 0
4.494261 1.720683 -0.08560568 1

0.9843974 -0.08184386 -0.1557455 0
0.1142523 0.9705377 0.21212 0
0.1337965 -0.2266061 0.9647483 0
4.462849 1.719379 -0.1706632 1

0.9826093 0.1344825 0.1280098 0
0.1559962 -0.9718705 -0.1764198 0
0.1006844 0.1933212 -0.9759526 0
2.31431 1.716947 -0.1451338 1

0.9803685 0.1581729 0.1176933 0
0.1815714 -0.9569679 -0.2263523 0
0.07682654 0.2432788 -0.9669057 0
2.325601 1.713593 -0.1706946 1

0.9775249 -0.1721836 -0.121621 0
0.1802528 0.9818631 0.05870991 0
0.1093065 -0.07931392 0.9908347 0
4.494214 1.722266 -0.1167949 1

0.8464924 0.4255187 -0.3199649 0
-0.1140825 -0.4420535 -0.8896998 0
-0.5200278 0.7896289 -0.3256519 0
2.41122 1.693202 -0.03800172 1

0.9751567 0.2180921 -0.03870901 0
0.221279 -0.9670044 0.126207 0
-0.009906679 -0.1316375 -0.991245 0
2.316454 1.717414 -0.08050358 1

0.9884114 0.1331947 0.07277039 0
0.1364406 -0.9897698 -0.0415992 0
0.06648579 0.05104601 -0.9964778 0
2.308195 1.721039 -0.1130815 1

0.9986755 0.04023809 -0.03194892 0
-0.0272646 0.9420851 0.3342514 0
0.0435482 -0.3329394 0.9419376 0
4.518816 1.719545 -0.1525311 1

0.8865063 -0.3428502 0.310727 0
-0.1477739 0.4265863 0.8922867 0
-0.4384761 -0.8369408 0.3275094 0
4.450336 1.66425 -0.03491205 1

0.948394 -0.1595501 0.2740151 0
0.1664645 0.9860416 -0.002009891 0
-0.2698708 0.04751926 0.961718 0
4.525185 1.717174 -0.08666474 1

0.9765566 -0.0754794 -0.2015737 0
0.1448138 0.9232452 0.355862 0
0.1592422 -0.3767122 0.9125351 0
4.49457 1.716742 -0.1756821 1

0.9863303 0.08122163 -0.143345 0
0.09934586 -0.9872683 0.1241786 0
-0.1314345 -0.1367225 -0.9818476 0
2.282385 1.709793 -0.07915121 1

0.9971944 -0.06767304 0.0318723 0
-0.05646987 -0.9604753 -0.2725598 0
0.04905817 0.269996 -0.9616073 0
2.28617 1.713095 -0.1487999 1

0.1446618 -0.961535 -0.2334844 0
0.986919 0.1571713 -0.03578943 0
0.07110989 -0.2252544 0.9716966 0
4.52695 1.716499 -0.1208679 1

0.03359181 0.4304865 -0.9019657 0
-0.09054589 -0.897454 -0.4317054 0
-0.9953236 0.09617135 0.00883171 0
3.396423 1.903045 0.100188 1

0.9779527 -0.107849 -0.1787974 0
-0.1490148 -0.9603021 -0.2358068 0
-0.1462683 0.257252 -0.9552067 0
2.295518 1.708739 -0.1743062 1

0.8490908 0.3567807 -0.3895429 0
-0.1782804 -0.500612 -0.8471096 0
-0.497245 0.7887242 -0.3614599 0
2.362854 1.668889 -0.01971942 1

0.9842192 0.1586409 -0.0783443 0
0.1489148 -0.9818513 -0.117396 0
-0.09554633 0.103877 -0.9899867 0
2.273014 1.716298 -0.1156717 1

