MeshAnim
1
240
27
60
-2.283379E-06 -0.9816849 -0.1905116 0
-1.287286E-06 -0.1905116 0.9816849 0
-0.9999999 2.503395E-06 -8.940696E-07 0
1.469655 0.2740528 0.05330114 1

-5.93382E-07 -0.9927364 -0.1203097 0
2.579031E-06 -0.1203097 0.9927364 0
-0.9999999 2.953827E-07 2.566318E-06 0
1.469655 0.326393 0.06335149 1

0.0006759577 0.9961222 -0.08798061 0
-0.137574 0.08723678 0.9866424 0
0.9904914 0.01143692 0.1370996 0
1.403835 0.2740528 0.05330116 1

-0.00265942 0.9963021 -0.08587776 0
0.1490641 0.08531357 0.9851403 0
0.9888238 -0.01018141 -0.1487397 0
1.535475 0.2740527 0.05330116 1

-5.93382E-07 -0.9927364 -0.1203097 0
2.579031E-06 -0.1203097 0.9927364 0
-0.9999999 2.953827E-07 2.566318E-06 0
1.469655 0.457503 0.07913476 1

-0.1525395 0.8849985 0.4398975 0
-0.2502541 -0.4651887 0.8491009 0
0.9560884 0.01943528 0.2924342 0
1.403748 0.1460936 0.06460296 1

0.1623055 0.8848419 0.4367055 0
0.2502745 -0.4650168 0.849189 0
0.9544734 -0.02853173 -0.2969281 0
1.535816 0.1460704 0.06433281 1

0.9297336 0.3669639 0.03054198 0
-0.01287309 0.1152819 -0.9932494 0
-0.3680075 0.9230643 0.1119054 0
1.435836 0.5586016 0.05890872 1

0.0001219834 0.998798 0.04902297 0
-0.332083 -0.04620042 0.9421179 0
0.9432504 -0.0163946 0.3316782 0
1.421525 0.04295793 0.01333837 1

-0.0001767336 0.9987922 0.04913451 0
0.3188195 -0.04651412 0.9466734 0
0.9478154 0.01583231 -0.3184262 0
1.516902 0.04295303 0.01344017 1

-0.929733 0.3669648 0.03054243 0
0.01287271 0.1152821 -0.9932492 0
-0.3680087 -0.9230637 -0.1119055 0
1.503474 0.5586017 0.05890875 1

-5.150616E-07 -0.9784729 -0.2063747 0
2.468362E-06 -0.2063747 0.9784729 0
-0.9999999 1.115984E-08 2.456151E-06 0
1.469655 0.5901363 0.08365002 1

0.2516981 0.9676065 0.01964438 0
-0.3991255 0.1222709 -0.9087073 0
-0.8816728 0.2208793 0.4169717 0
1.367827 0.5317588 0.05667462 1

0.3320831 0.04619923 -0.942118 0
0.0001223542 0.9987981 0.04902187 0
0.9432503 -0.01639459 0.3316782 0
1.40883 0.002681136 0.04745028 1

-0.3188196 0.04651399 -0.9466735 0
-0.0001767732 0.9987923 0.04913437 0
0.9478154 0.0158323 -0.3184262 0
1.529092 0.002664447 0.04772187 1

-0.2516989 0.9676059 0.01964728 0
0.3991238 0.1222736 -0.9087073 0
-0.8816731 -0.2208791 -0.4169708 0
1.571483 0.5317588 0.05667461 1

-1.149634E-06 -0.9966859 -0.08134674 0
2.464582E-06 -0.08134671 0.9966859 0
-0.9999999 9.619315E-07 2.484563E-06 0
1.469655 0.6404511 0.09426217 1

0.1822741 0.9500299 -0.2534158 0
-0.3143755 -0.1878946 -0.9305181 0
-0.9316353 0.249277 0.2644178 0
1.340542 0.4268651 0.05454506 1

-0.1822751 0.9500302 -0.2534129 0
0.3143769 -0.187891 -0.930518 0
-0.9316344 -0.2492776 -0.2644199 0
1.598768 0.4268649 0.05454475 1

-0.01075534 0.9825279 -0.1858052 0
0.9942807 -0.009236835 -0.106398 0
-0.1062553 -0.1858868 -0.9768091 0
1.320189 0.3207875 0.08284074 1

0.01075419 0.9825282 -0.1858024 0
-0.9942803 -0.009238329 -0.1064005 0
-0.1062579 0.185884 0.9768093 0
1.619121 0.3207872 0.08284014 1

-0.5543891 0.596518 -0.5803611 0
0.7918231 0.5927668 -0.1471189 0
0.2562596 -0.5411045 -0.8009601 0
1.318133 0.295374 0.1151972 1

-0.4207236 0.7570716 0.4998345 0
0.8208509 0.5522788 -0.1455746 0
-0.3862583 0.349043 -0.8537996 0
1.319995 0.2350438 0.07388238 1

-0.2403387 0.9551317 -0.1730922 0
0.9640496 0.2140483 -0.1574541 0
-0.1133394 -0.2047117 -0.9722385 0
1.323418 0.2288909 0.1085159 1

0.5543896 0.596521 -0.5803573 0
-0.7918237 0.5927655 -0.1471192 0
0.2562562 0.5411021 0.8009628 0
1.621177 0.2953735 0.1151965 1

0.4207211 0.7570704 0.4998379 0
-0.8208514 0.5522776 -0.1455748 0
-0.3862598 -0.3490464 0.8537973 0
1.619315 0.2350435 0.07388156 1

0.2403382 0.9551322 -0.1730887 0
-0.9640494 0.2140477 -0.1574559 0
-0.1133419 0.2047088 0.9722386 0
1.615893 0.2288904 0.1085151 1

-2.223775E-06 -0.981685 -0.1905115 0
-1.168076E-06 -0.1905117 0.981685 0
-1 2.264977E-06 -9.834768E-07 0
1.469655 0.2740457 0.05330347 1

-1.086929E-06 -0.9927111 -0.1205187 0
2.689099E-06 -0.1205189 0.9927111 0
-1 6.143175E-07 2.540046E-06 0
1.469655 0.3263859 0.06335381 1

0.0007033845 0.996114 -0.08807151 0
-0.1375809 0.08733018 0.9866332 0
0.9904905 0.01142308 0.1371079 0
1.403835 0.2740457 0.05330348 1

-0.002686268 0.9962955 -0.08595856 0
0.1490712 0.08539724 0.9851321 0
0.9888231 -0.01016746 -0.1487481 0
1.535475 0.2740457 0.05330349 1

-1.086929E-06 -0.9927111 -0.1205187 0
2.689099E-06 -0.1205189 0.9927111 0
-1 6.143175E-07 2.540046E-06 0
1.469655 0.4574926 0.07916468 1

-0.1525688 0.8849393 0.4400057 0
-0.2502423 -0.4653011 0.849043 0
0.9560868 0.0194295 0.2924399 0
1.403745 0.1460876 0.06461696 1

0.1623378 0.8847822 0.4368151 0
0.2502604 -0.4651315 0.8491307 0
0.954472 -0.02852832 -0.2969339 0
1.53582 0.1460642 0.06434552 1

0.9297341 0.3669572 0.03061926 0
-0.01287321 0.1154912 -0.9932253 0
-0.3680071 0.9230409 0.1120997 0
1.435836 0.5585955 0.05895993 1

0.0001213267 0.9987974 0.04903059 0
-0.3320843 -0.04620817 0.9421173 0
0.94325 -0.01639651 0.3316795 0
1.421525 0.04295877 0.01333974 1

-0.0001784999 0.9987926 0.0491329 0
0.3188209 -0.04651219 0.9466731 0
0.9478153 0.01583377 -0.3184273 0
1.516901 0.04295376 0.01344012 1

-0.9297331 0.3669587 0.03061965 0
0.0128726 0.1154914 -0.993225 0
-0.3680092 -0.9230401 -0.1120998 0
1.503474 0.5585955 0.05895995 1

-1.016323E-06 -0.9784296 -0.2065807 0
2.534995E-06 -0.2065809 0.9784296 0
-1 3.301177E-07 2.429819E-06 0
1.469655 0.590125 0.08370787 1

0.251641 0.9676438 0.01851483 0
-0.399633 0.1213122 -0.9086128 0
-0.8814594 0.2212448 0.4172292 0
1.367827 0.5317532 0.05672017 1

0.3320844 0.04620729 -0.9421175 0
0.0001215746 0.9987975 0.04902978 0
0.9432499 -0.01639649 0.3316796 0
1.40883 0.002681702 0.04745133 1

-0.318821 0.04651207 -0.9466733 0
-0.0001785395 0.9987928 0.04913276 0
0.9478153 0.01583377 -0.3184273 0
1.529092 0.002665222 0.04772189 1

-0.252065 0.9675055 0.01990483 0
0.3985901 0.1225446 -0.9089051 0
-0.8818103 -0.2211695 -0.4165275 0
1.571483 0.5317531 0.05672017 1

-1.083797E-06 -0.9966838 -0.08137214 0
2.675618E-06 -0.08137235 0.9966838 0
-1 7.218799E-07 2.494488E-06 0
1.469655 0.6404376 0.09433061 1

0.1823503 0.9498959 -0.2538631 0
-0.3121288 -0.1889122 -0.9310683 0
-0.9323757 0.2490182 0.2620413 0
1.340548 0.4268554 0.05471306 1

-0.1818951 0.9495144 -0.2556098 0
0.3119749 -0.1907906 -0.9307363 0
-0.9325159 -0.2490405 -0.261521 0
1.598808 0.4268702 0.05456238 1

-0.01102803 0.9814876 -0.1912093 0
0.9947386 -0.008709326 -0.1020779 0
-0.1018538 -0.1913287 -0.9762273 0
1.320187 0.3207928 0.08305868 1

0.01141083 0.9811418 -0.192952 0
-0.9946961 -0.00858948 -0.1024998 0
-0.1022239 0.193098 0.9758397 0
1.619118 0.3208499 0.08310308 1

-0.5525403 0.5927266 -0.5859822 0
0.7918014 0.5928375 -0.1469523 0
0.2602893 -0.5451782 -0.796888 0
1.31802 0.2955538 0.1155442 1

-0.4236931 0.7593167 0.493885 0
0.8208666 0.5523909 -0.1450624 0
-0.382966 0.3439518 -0.8573421 0
1.320125 0.2350014 0.07456766 1

-0.2406339 0.9539053 -0.1793324 0
0.9644837 0.2142604 -0.1544811 0
-0.1089368 -0.2101364 -0.9715844 0
1.323405 0.2290412 0.1092487 1

0.5529778 0.591515 -0.5867928 0
-0.7915564 0.5928145 -0.1483561 0
0.2601048 0.546517 0.7960305 0
1.621264 0.2956682 0.1156344 1

0.4237072 0.7600662 0.4927186 0
-0.8206345 0.5523804 -0.1464067 0
-0.3834469 -0.3423084 0.8577839 0
1.619158 0.2350434 0.07476491 1

0.2410036 0.9535112 -0.1809248 0
-0.9643502 0.2142778 -0.1552867 0
-0.1092991 0.2118994 0.9711602 0
1.615861 0.229146 0.109455 1

-2.849624E-06 -0.9816851 -0.1905114 0
-1.287286E-06 -0.1905116 0.9816851 0
-1 2.980232E-06 -8.344651E-07 0
1.469655 0.2740312 0.05330707 1

-1.158338E-06 -0.9926854 -0.1207313 0
2.618693E-06 -0.1207314 0.9926854 0
-1 7.71263E-07 2.625744E-06 0
1.469655 0.3263714 0.06335741 1

0.0007571864 0.9960988 -0.08824454 0
-0.1375947 0.0875089 0.9866155 0
0.9904885 0.01139496 0.1371242 0
1.403835 0.2740313 0.05330709 1

-0.002740304 0.9962811 -0.08612234 0
0.1490851 0.08556709 0.9851153 0
0.9888209 -0.01013995 -0.148765 0
1.535475 0.2740311 0.05330708 1

-1.158338E-06 -0.9926854 -0.1207312 0
2.618693E-06 -0.1207314 0.9926854 0
-1 7.71263E-07 2.625744E-06 0
1.469655 0.4574747 0.07919636 1

-0.1526243 0.8848264 0.4402141 0
-0.2502205 -0.4655166 0.8489312 0
0.9560836 0.019417 0.2924508 0
1.403738 0.146075 0.06464279 1

0.1624003 0.8846672 0.4370246 0
0.2502349 -0.4653504 0.8490184 0
0.9544681 -0.02852191 -0.2969474 0
1.535827 0.1460515 0.06437016 1

0.9297341 0.3669505 0.03069792 0
-0.01287298 0.1157039 -0.9932006 0
-0.368007 0.9230171 0.1122974 0
1.435836 0.5585819 0.05901325 1

0.0001193011 0.9987965 0.04905123 0
-0.3320872 -0.04622816 0.9421152 0
0.9432488 -0.01640167 0.3316821 0
1.421524 0.04295942 0.01334131 1

-0.0001821809 0.9987927 0.0491289 0
0.3188253 -0.04650718 0.946672 0
0.9478139 0.01583612 -0.3184317 0
1.516901 0.04295444 0.01344033 1

-0.9297331 0.3669524 0.03069795 0
0.01287303 0.115704 -0.9932003 0
-0.3680093 -0.9230161 -0.1122975 0
1.503475 0.558582 0.05901327 1

-1.081324E-06 -0.9783853 -0.2067903 0
2.458634E-06 -0.2067904 0.9783853 0
-1 4.870868E-07 2.515457E-06 0
1.469655 0.5901061 0.08376794 1

0.251582 0.9676799 0.01739809 0
-0.400134 0.1203632 -0.9085185 0
-0.881249 0.2216052 0.4174826 0
1.367827 0.5317401 0.05676774 1

0.3320873 0.04622693 -0.9421152 0
0.0001196719 0.9987965 0.04905012 0
0.9432488 -0.01640167 0.3316822 0
1.408829 0.002681643 0.04745203 1

-0.3188254 0.04650706 -0.9466721 0
-0.0001822223 0.9987929 0.04912876 0
0.9478139 0.0158361 -0.3184317 0
1.529092 0.002666056 0.04772219 1

-0.2524271 0.9674061 0.02015128 0
0.3980708 0.1228064 -0.9090975 0
-0.8819413 -0.2214594 -0.4160958 0
1.571483 0.53174 0.05676776 1

-1.635033E-06 -0.9966798 -0.08142321 0
2.160484E-06 -0.08142336 0.9966798 0
-1 1.391247E-06 2.172798E-06 0
1.469655 0.6404165 0.09440146 1

0.1824186 0.9497603 -0.2543212 0
-0.3099141 -0.1899336 -0.9316002 0
-0.9331009 0.2487588 0.2596966 0
1.340555 0.4268384 0.05488169 1

-0.1815228 0.9489986 -0.2577813 0
0.3096164 -0.1936511 -0.9309333 0
-0.9333743 -0.2487991 -0.2586735 0
1.598848 0.4268678 0.05458326 1

-0.01127805 0.9804304 -0.1965436 0
0.9951704 -0.00816332 -0.09782676 0
-0.09751682 -0.1966974 -0.9756031 0
1.320186 0.3207909 0.08327846 1

0.01203579 0.9797235 -0.1999936 0
-0.9950886 -0.007917972 -0.09867271 0
-0.09825516 0.2001988 0.9748161 0
1.619116 0.3209052 0.0833664 1

-0.5506957 0.5889521 -0.5914986 0
0.791776 0.5929092 -0.1468008 0
0.264246 -0.5491765 -0.7928304 0
1.317909 0.295725 0.1158902 1

-0.4265975 0.7614995 0.4879896 0
0.8208765 0.5525054 -0.1445701 0
-0.3797067 0.3389058 -0.8607942 0
1.320252 0.234955 0.07524996 1

-0.2409023 0.9526598 -0.1854881 0
0.9648968 0.2144873 -0.1515588 0
-0.1045991 -0.2154876 -0.9708888 0
1.323392 0.2291854 0.1099761 1

0.5515659 0.5865335 -0.5930884 0
-0.7912927 0.5928567 -0.1495896 0
0.2638775 0.5518149 0.791119 0
1.62135 0.2959532 0.1160684 1

0.4266236 0.7629641 0.4856734 0
-0.8204192 0.5524785 -0.1472416 0
-0.3806641 -0.3356392 0.8616503 0
1.619006 0.2350414 0.07564096 1

0.2416342 0.9518556 -0.188638 0
-0.964635 0.2145241 -0.1531638 0
-0.1053221 0.2189763 0.9700292 0
1.615832 0.2293963 0.1103845 1

-2.402588E-06 -0.9816849 -0.1905117 0
-1.287286E-06 -0.1905117 0.9816849 0
-1 2.622604E-06 -8.642673E-07 0
1.469655 0.2740094 0.05331194 1

-1.290263E-06 -0.9926589 -0.1209472 0
2.956508E-06 -0.1209472 0.9926589 0
-1 9.419865E-07 3.032578E-06 0
1.469655 0.3263496 0.06336229 1

0.0008344664 0.9960763 -0.08849661 0
-0.1376152 0.08776912 0.9865894 0
0.9904857 0.01135519 0.1371485 0
1.403835 0.2740095 0.05331195 1

-0.002823262 0.9962597 -0.08636574 0
0.1491054 0.08582006 0.9850901 0
0.9888174 -0.01009645 -0.1487899 0
1.535475 0.2740094 0.05331195 1

-1.290263E-06 -0.9926589 -0.1209472 0
2.956508E-06 -0.1209472 0.9926589 0
-1 9.419865E-07 3.032578E-06 0
1.469655 0.4574495 0.07922976 1

-0.1527073 0.8846598 0.44052 0
-0.2501889 -0.4658337 0.8487666 0
0.9560788 0.01939965 0.2924682 0
1.403728 0.1460561 0.06468004 1

0.1624894 0.8844997 0.4373305 0
0.2501986 -0.4656694 0.8488539 0
0.9544622 -0.02851027 -0.2969667 0
1.535838 0.1460325 0.06440629 1

0.929734 0.3669436 0.0307772 0
-0.01287348 0.1159197 -0.9931752 0
-0.3680069 0.9229925 0.1124983 0
1.435836 0.5585611 0.05906867 1

0.0001142098 0.9987949 0.04908228 0
-0.3320923 -0.04625884 0.942112 0
0.9432472 -0.01640746 0.3316868 0
1.421524 0.04295994 0.01334291 1

-0.0001898925 0.9987929 0.04912195 0
0.3188315 -0.04649779 0.9466702 0
0.9478115 0.01584136 -0.3184376 0
1.516901 0.04295501 0.01344081 1

-0.9297329 0.3669458 0.03077815 0
0.01287268 0.1159199 -0.993175 0
-0.3680094 -0.9229914 -0.1124981 0
1.503475 0.5585611 0.05906866 1

-1.24219E-06 -0.9783403 -0.2070031 0
2.783665E-06 -0.2070031 0.9783403 0
-1 6.578343E-07 2.922229E-06 0
1.469655 0.5900799 0.08383019 1

0.2515229 0.9677143 0.01629465 0
-0.4006281 0.1194253 -0.9084243 0
-0.8810411 0.2219614 0.4177317 0
1.367828 0.5317198 0.05681736 1

0.3320924 0.04625773 -0.9421121 0
0.0001145974 0.9987951 0.04908116 0
0.9432471 -0.01640745 0.3316869 0
1.408829 0.002681047 0.0474523 1

-0.3188315 0.04649766 -0.9466704 0
-0.000189934 0.9987931 0.04912181 0
0.9478115 0.01584135 -0.3184376 0
1.529093 0.00266695 0.04772288 1

-0.2527847 0.9673077 0.02038757 0
0.3975647 0.1230595 -0.9092845 0
-0.882067 -0.221748 -0.415675 0
1.571483 0.5317196 0.05681728 1

-1.198768E-06 -0.9966734 -0.08149894 0
2.584853E-06 -0.08149894 0.9966734 0
-1 1.002894E-06 2.615673E-06 0
1.469656 0.6403879 0.09447466 1

0.1824805 0.9496227 -0.2547894 0
-0.3077338 -0.1909571 -0.9321134 0
-0.93381 0.2484998 0.257385 0
1.340561 0.4268143 0.05505092 1

-0.1811564 0.9484834 -0.2599258 0
0.3073015 -0.1964712 -0.9311092 0
-0.9342098 -0.2485522 -0.2558784 0
1.598886 0.4268581 0.05460716 1

-0.011505 0.9793579 -0.201806 0
0.9955767 -0.007600967 -0.09364545 0
-0.09324639 -0.2019907 -0.9749385 0
1.320186 0.3207822 0.08349998 1

0.01263141 0.9782755 -0.206924 0
-0.9954587 -0.007224096 -0.09491934 0
-0.09435195 0.2071833 0.9737414 0
1.619114 0.320953 0.08362976 1

-0.5488567 0.5851976 -0.596909 0
0.7917475 0.5929806 -0.1466639 0
0.268128 -0.5530985 -0.7887898 0
1.317799 0.2958877 0.1162349 1

-0.4294357 0.76362 0.482151 0
0.8208813 0.5526209 -0.1440972 0
-0.3764823 0.3339083 -0.8641565 0
1.320377 0.2349049 0.07592895 1

-0.2411434 0.9513967 -0.1915572 0
0.9652897 0.2147275 -0.1486875 0
-0.1003283 -0.2207631 -0.9701536 0
1.323379 0.2293236 0.1106981 1

0.5501561 0.58158 -0.5992433 0
-0.791032 0.5928929 -0.1508175 0
0.267575 0.5569941 0.7862323 0
1.621435 0.2962284 0.1164979 1

0.4294716 0.7657636 0.4787067 0
-0.8202049 0.5525729 -0.1480773 0
-0.3779128 -0.3290427 0.8653973 0
1.618857 0.2350373 0.076509 1

0.2422321 0.950168 -0.1962251 0
-0.9649038 0.2147868 -0.1510866 0
-0.1014109 0.2259364 0.968849 0
1.615805 0.229641 0.1113029 1

-2.909228E-06 -0.981685 -0.1905115 0
-1.406495E-06 -0.1905115 0.981685 0
-1 3.099442E-06 -8.940697E-07 0
1.469655 0.2739808 0.05331803 1

-1.226305E-06 -0.9926323 -0.1211654 0
2.50339E-06 -0.1211654 0.9926323 0
-1 8.894881E-07 2.565956E-06 0
1.469655 0.326321 0.06336837 1

0.0009368749 0.9960466 -0.08882679 0
-0.1376423 0.08810978 0.9865553 0
0.9904816 0.01130207 0.1371808 0
1.403835 0.2739808 0.05331805 1

-0.002931691 0.9962314 -0.08668757 0
0.1491325 0.0861541 0.9850569 0
0.9888129 -0.01004002 -0.1488229 0
1.535475 0.2739807 0.05331805 1

-1.226304E-06 -0.9926323 -0.1211653 0
2.50339E-06 -0.1211654 0.9926323 0
-1 8.894881E-07 2.565956E-06 0
1.469655 0.4574173 0.07926466 1

-0.1528149 0.884442 0.4409194 0
-0.2501474 -0.4662477 0.8485514 0
0.9560721 0.01937646 0.2924905 0
1.403715 0.1460313 0.06472854 1

0.1626066 0.8842807 0.4377294 0
0.2501505 -0.4660858 0.8486394 0
0.9544548 -0.02849616 -0.2969918 0
1.535852 0.1460074 0.06445373 1

0.9297339 0.3669369 0.03085844 0
-0.01287286 0.1161381 -0.9931498 0
-0.3680069 0.9229677 0.112701 0
1.435836 0.5585334 0.05912577 1

0.0001075898 0.9987928 0.04912032 0
-0.3320983 -0.04629683 0.9421078 0
0.9432447 -0.01641409 0.3316925 0
1.421524 0.04296052 0.01334485 1

-0.0001984594 0.9987935 0.0491114 0
0.3188392 -0.04648507 0.9466682 0
0.9478089 0.01584655 -0.3184452 0
1.516902 0.04295544 0.01344177 1

-0.9297332 0.3669392 0.03085785 0
0.01287367 0.1161381 -0.9931499 0
-0.3680092 -0.9229669 -0.1127012 0
1.503475 0.5585334 0.0591258 1

-1.138983E-06 -0.9782948 -0.2072181 0
2.337846E-06 -0.2072181 0.9782948 0
-1 6.053599E-07 2.455544E-06 0
1.469655 0.5900468 0.08389424 1

0.2514619 0.9677478 0.01520381 0
-0.4011146 0.1184969 -0.9083314 0
-0.8808372 0.2223122 0.4179752 0
1.367828 0.5316925 0.05686851 1

0.3320985 0.0462957 -0.9421079 0
0.0001079718 0.9987929 0.04911919 0
0.9432446 -0.01641409 0.3316927 0
1.408828 0.002680212 0.04745264 1

-0.3188393 0.04648493 -0.9466683 0
-0.0001984952 0.9987937 0.04911131 0
0.9478089 0.01584654 -0.3184452 0
1.529094 0.002667874 0.04772417 1

-0.2531375 0.9672109 0.02061174 0
0.3970744 0.1233031 -0.9094661 0
-0.8821867 -0.2220353 -0.4152674 0
1.571483 0.5316923 0.05686858 1

-1.97006E-06 -0.9966654 -0.08159817 0
2.387637E-06 -0.0815982 0.9966654 0
-1 1.744206E-06 2.472852E-06 0
1.469656 0.6403524 0.09454976 1

0.1825354 0.9494838 -0.2552676 0
-0.3055858 -0.1919829 -0.9326093 0
-0.9345044 0.2482403 0.255105 0
1.340568 0.4267834 0.05522034 1

-0.1807968 0.9479688 -0.2620458 0
0.3050307 -0.1992529 -0.9312652 0
-0.9350235 -0.2483015 -0.2531354 0
1.598925 0.4268413 0.05463415 1

-0.01171056 0.9782717 -0.2069966 0
0.9959593 -0.007022243 -0.08953252 0
-0.08904076 -0.2072086 -0.9742365 0
1.320186 0.3207669 0.08372279 1

0.01319832 0.9768006 -0.2137442 0
-0.9958076 -0.006509867 -0.09124052 0
-0.09051536 0.2140523 0.9726196 0
1.619112 0.3209937 0.08389348 1

-0.5470244 0.5814639 -0.6022162 0
0.7917161 0.5930532 -0.1465402 0
0.2719383 -0.5569451 -0.7847687 0
1.317692 0.296042 0.1165781 1

-0.4322108 0.7656796 0.4763705 0
0.8208818 0.552739 -0.1436422 0
-0.3732924 0.32896 -0.8674321 0
1.320499 0.2348513 0.07660413 1

-0.2413594 0.9501177 -0.19754 0
0.9656637 0.2149816 -0.1458659 0
-0.09612238 -0.2259632 -0.9693819 0
1.323364 0.2294558 0.1114141 1

0.54875 0.5766574 -0.60526 0
-0.7907754 0.5929234 -0.152041 0
0.2711971 0.5620571 0.7813733 0
1.62152 0.2964942 0.1169236 1

0.4322518 0.7684687 0.4718205 0
-0.8199923 0.5526638 -0.1489153 0
-0.3751946 -0.3225203 0.8690283 0
1.618713 0.2350311 0.07736935 1

0.2427983 0.9484518 -0.2036871 0
-0.965158 0.2150644 -0.1490562 0
-0.09756677 0.2327808 0.9676231 0
1.615781 0.2298801 0.1122108 1

-2.968833E-06 -0.981685 -0.1905114 0
-1.287286E-06 -0.1905114 0.981685 0
-1 3.099442E-06 -8.34465E-07 0
1.469655 0.2739453 0.05332536 1

-1.293869E-06 -0.9926053 -0.121387 0
3.000318E-06 -0.1213871 0.9926053 0
-1 8.598414E-07 2.998838E-06 0
1.469655 0.3262855 0.06337569 1

0.001061825 0.9960106 -0.0892309 0
-0.1376751 0.0885268 0.9865134 0
0.990477 0.01123742 0.13722 0
1.403835 0.2739453 0.05332537 1

-0.003065887 0.9961964 -0.08708426 0
0.1491657 0.08656591 0.9850157 0
0.9888075 -0.009969976 -0.1488636 0
1.535475 0.2739452 0.05332536 1

-1.293869E-06 -0.9926053 -0.121387 0
3.000318E-06 -0.121387 0.9926053 0
-1 8.598414E-07 2.998838E-06 0
1.469655 0.4573783 0.07930125 1

-0.1529476 0.884174 0.441411 0
-0.2500956 -0.4667572 0.8482866 0
0.9560646 0.01934849 0.2925175 0
1.403699 0.1460005 0.06478778 1

0.1627503 0.8840117 0.4382192 0
0.2500915 -0.466597 0.848376 0
0.9544458 -0.02847847 -0.2970224 0
1.535869 0.1459764 0.064512 1

0.929734 0.36693 0.03093982 0
-0.01287352 0.1163598 -0.9931238 0
-0.3680069 0.9229426 0.1129073 0
1.435836 0.5584989 0.05918495 1

9.754067E-05 0.9987909 0.04916339 0
-0.3321044 -0.04634064 0.9421037 0
0.9432429 -0.01641922 0.3316983 0
1.421523 0.04296087 0.01334681 1

-0.0002085801 0.998794 0.04909934 0
0.3188483 -0.04647024 0.9466659 0
0.9478058 0.01585276 -0.3184539 0
1.516902 0.04295579 0.01344296 1

-0.9297329 0.366932 0.03094108 0
0.01287228 0.1163601 -0.9931235 0
-0.3680094 -0.9229415 -0.1129071 0
1.503475 0.5584989 0.05918495 1

-1.249601E-06 -0.9782485 -0.2074366 0
2.826994E-06 -0.2074366 0.9782485 0
-1 5.757381E-07 2.888363E-06 0
1.469656 0.5900066 0.08396045 1

0.2514007 0.9677801 0.01412703 0
-0.4015949 0.1175804 -0.9082382 0
-0.8806357 0.2226583 0.4182152 0
1.367828 0.5316585 0.05692176 1

0.3321045 0.04633979 -0.9421038 0
9.780168E-05 0.9987912 0.0491626 0
0.9432429 -0.01641921 0.3316984 0
1.408828 0.00267902 0.04745276 1

-0.3188484 0.04647015 -0.9466661 0
-0.0002086085 0.9987941 0.04909925 0
0.9478058 0.01585276 -0.3184539 0
1.529095 0.002668828 0.04772573 1

-0.2534845 0.9671152 0.02082733 0
0.3965962 0.1235391 -0.9096424 0
-0.882302 -0.2223204 -0.4148696 0
1.571483 0.5316583 0.05692165 1

-1.755276E-06 -0.9966552 -0.08172204 0
2.547755E-06 -0.08172207 0.9966552 0
-1 1.480938E-06 2.546326E-06 0
1.469656 0.6403099 0.0946272 1

0.1825837 0.9493437 -0.2557538 0
-0.3034727 -0.1930086 -0.9330876 0
-0.9351832 0.2479807 0.2528595 0
1.340575 0.426746 0.0553903 1

-0.1804428 0.9474554 -0.2641371 0
0.3028024 -0.2019928 -0.9314018 0
-0.9358156 -0.2480463 -0.2504438 0
1.598963 0.4268177 0.05466386 1

-0.01189608 0.9771732 -0.2121115 0
0.9963183 -0.006428121 -0.0854914 0
-0.08490356 -0.2123476 -0.9734991 0
1.320188 0.3207449 0.08394703 1

0.01373914 0.9753017 -0.2204489 0
-0.9961359 -0.005775657 -0.08763444 0
-0.086743 0.2208012 0.9714536 0
1.61911 0.3210274 0.08415668 1

-0.5452017 0.5777547 -0.6074168 0
0.7916813 0.5931267 -0.1464301 0
0.275674 -0.5607142 -0.7807713 0
1.317587 0.296188 0.1169198 1

-0.4349215 0.7676779 0.4706532 0
0.8208771 0.552859 -0.143206 0
-0.3701409 0.3240649 -0.8706195 0
1.320618 0.234794 0.07727525 1

-0.2415517 0.9488248 -0.2034322 0
0.9660186 0.2152485 -0.1430965 0
-0.09198506 -0.2310844 -0.9685759 0
1.323349 0.2295821 0.112124 1

0.5473485 0.5717697 -0.6111373 0
-0.790521 0.5929494 -0.1532554 0
0.274747 0.5670011 0.7765461 0
1.621604 0.2967504 0.1173443 1

0.4349674 0.7710777 0.4650188 0
-0.8197805 0.5527517 -0.1497506 0
-0.3725092 -0.3160768 0.8725434 0
1.618573 0.235023 0.07822064 1

0.2433355 0.9467094 -0.2110193 0
-0.9653971 0.2153573 -0.1470694 0
-0.09378724 0.2395047 0.9663547 0
1.615759 0.2301137 0.1131066 1

-2.730414E-06 -0.981685 -0.1905113 0
-1.644914E-06 -0.1905113 0.981685 0
-1 2.920628E-06 -1.192093E-06 0
1.469655 0.2739032 0.05333385 1

-1.081039E-06 -0.9925779 -0.1216113 0
2.626617E-06 -0.1216113 0.9925779 0
-1 6.804347E-07 2.641108E-06 0
1.469655 0.3262434 0.06338418 1

0.001208949 0.9959676 -0.08970736 0
-0.1377148 0.08901848 0.9864635 0
0.9904712 0.01116152 0.1372672 0
1.403835 0.2739033 0.05333384 1

-0.003224795 0.9961547 -0.08755342 0
0.1492043 0.08705314 0.9849669 0
0.9888012 -0.009886952 -0.1489112 0
1.535475 0.2739031 0.05333388 1

-1.081039E-06 -0.9925779 -0.1216112 0
2.626617E-06 -0.1216113 0.9925779 0
-1 6.804347E-07 2.641108E-06 0
1.469655 0.4573326 0.07933934 1

-0.1531043 0.8838577 0.4419896 0
-0.2500341 -0.4673573 0.8479742 0
0.9560555 0.0193161 0.292549 0
1.40368 0.1459639 0.06485745 1

0.1629191 0.8836941 0.4387964 0
0.2500207 -0.4671991 0.8480653 0
0.9544356 -0.02845772 -0.2970574 0
1.535889 0.1459397 0.06458078 1

0.9297339 0.3669231 0.03102304 0
-0.01287315 0.1165842 -0.9930975 0
-0.3680071 0.9229169 0.1131156 0
1.435836 0.5584577 0.05924588 1

8.646766E-05 0.9987888 0.04920703 0
-0.3321118 -0.04638545 0.9420987 0
0.94324 -0.01642364 0.3317055 0
1.421522 0.04296117 0.01334905 1

-0.000220201 0.9987946 0.04908445 0
0.3188576 -0.04645213 0.9466636 0
0.9478027 0.01585947 -0.318463 0
1.516903 0.0429561 0.01344448 1

-0.929733 0.3669248 0.03102363 0
0.01287266 0.1165844 -0.9930972 0
-0.3680092 -0.9229161 -0.1131157 0
1.503475 0.5584577 0.0592459 1

-1.00501E-06 -0.9782016 -0.2076575 0
2.473264E-06 -0.2076575 0.9782016 0
-1 3.963564E-07 2.530569E-06 0
1.469656 0.58996 0.08402851 1

0.251339 0.967811 0.01306389 0
-0.4020672 0.1166748 -0.908146 0
-0.8804378 0.2229997 0.41845 0
1.367828 0.5316179 0.05697659 1

0.3321119 0.04638427 -0.9420988 0
8.685346E-05 0.9987888 0.04920585 0
0.94324 -0.01642362 0.3317056 0
1.408828 0.002677649 0.04745313 1

-0.3188577 0.046452 -0.9466639 0
-0.0002202331 0.9987947 0.04908429 0
0.9478027 0.01585946 -0.318463 0
1.529096 0.002669752 0.04772774 1

-0.2538269 0.9670209 0.02103222 0
0.3961342 0.1237668 -0.9098127 0
-0.8824112 -0.2226036 -0.4144855 0
1.571483 0.5316177 0.05697656 1

-1.557519E-06 -0.9966432 -0.0818684 0
2.165981E-06 -0.08186843 0.9966432 0
-1 1.301811E-06 2.188742E-06 0
1.469656 0.6402608 0.09470662 1

0.1826266 0.9492023 -0.2562477 0
-0.3013922 -0.194034 -0.9335491 0
-0.9358474 0.2477217 0.2506463 0
1.340581 0.4267019 0.0555604 1

-0.1800942 0.946944 -0.266201 0
0.3006202 -0.2046915 -0.9315195 0
-0.9365862 -0.247787 -0.2478068 0
1.599 0.4267873 0.05469656 1

-0.01206175 0.9760636 -0.2171512 0
0.9966549 -0.005819836 -0.08151958 0
-0.08083206 -0.2174079 -0.9727284 0
1.32019 0.3207167 0.08417227 1

0.01425492 0.9737814 -0.2270386 0
-0.9964445 -0.005022684 -0.08410419 0
-0.08303925 0.2274302 0.9702473 0
1.619108 0.3210541 0.08441985 1

-0.5433878 0.5740714 -0.6125129 0
0.7916441 0.5932007 -0.1463316 0
0.2793381 -0.5644068 -0.7767981 0
1.317484 0.2963259 0.1172597 1

-0.4375699 0.769616 0.4649989 0
0.8208683 0.5529806 -0.1427863 0
-0.3670259 0.3192238 -0.8737211 0
1.320735 0.2347333 0.07794186 1

-0.2417207 0.9475191 -0.2092345 0
0.9663553 0.2155277 -0.1403767 0
-0.08791383 -0.2361267 -0.9677376 0
1.323333 0.2297024 0.1128273 1

0.5459551 0.5669195 -0.6168756 0
-0.7902694 0.5929716 -0.1544629 0
0.2782217 0.5718278 0.7717549 0
1.621686 0.2969969 0.1177608 1

0.437617 0.7735941 0.4583053 0
-0.8195697 0.5528375 -0.1505861 0
-0.3698609 -0.3097142 0.8759452 0
1.618437 0.2350127 0.07906325 1

0.243845 0.944944 -0.2182215 0
-0.9656221 0.2156651 -0.1451297 0
-0.09007655 0.2461086 0.9650474 0
1.615738 0.2303412 0.1139911 1

-2.253577E-06 -0.9816849 -0.1905115 0
-1.406495E-06 -0.1905114 0.9816849 0
-0.9999999 2.503395E-06 -1.013279E-06 0
1.469655 0.2738548 0.05334348 1

-5.723854E-07 -0.9925499 -0.1218386 0
2.456901E-06 -0.1218385 0.9925499 0
-0.9999999 2.919148E-07 2.44646E-06 0
1.469655 0.326195 0.06339382 1

0.001377674 0.9959182 -0.0902528 0
-0.137759 0.08958152 0.9864064 0
0.9904651 0.01107417 0.1373201 0
1.403835 0.2738548 0.05334348 1

-0.003408293 0.9961067 -0.0880919 0
0.1492491 0.08761254 0.9849104 0
0.9887939 -0.009790802 -0.1489666 0
1.535475 0.2738547 0.0533435 1

-5.723853E-07 -0.9925499 -0.1218385 0
2.456901E-06 -0.1218385 0.9925499 0
-0.9999999 2.919148E-07 2.44646E-06 0
1.469655 0.4572805 0.07937901 1

-0.1532838 0.8834943 0.4426537 0
-0.2493135 -0.4680324 0.847814 0
0.9562151 0.01959662 0.2920087 0
1.403658 0.1459218 0.06493717 1

0.1631124 0.8833293 0.4394588 0
0.2499402 -0.4678902 0.8477079 0
0.9544237 -0.02843327 -0.297098 0
1.535913 0.1458975 0.06465958 1

0.9297336 0.3669164 0.03110742 0
-0.01287281 0.1168116 -0.9930707 0
-0.3680075 0.9228908 0.1133269 0
1.435836 0.5584102 0.05930871 1

0.0002385502 0.9987849 0.04928836 0
-0.3309745 -0.04643163 0.9424967 0
0.94364 -0.01653803 0.3305612 0
1.421522 0.04296139 0.01335137 1

-0.0002332264 0.9987957 0.0490683 0
0.3188683 -0.04643261 0.9466609 0
0.9477993 0.01586707 -0.3184732 0
1.516904 0.04295635 0.01344608 1

-0.9297331 0.3669174 0.03110712 0
0.01287319 0.1168117 -0.9930704 0
-0.3680087 -0.9228902 -0.1133272 0
1.503475 0.5584102 0.05930874 1

-4.835006E-07 -0.9781539 -0.2078815 0
2.348527E-06 -0.2078815 0.9781539 0
-0.9999999 7.861786E-09 2.335856E-06 0
1.469655 0.5899067 0.08409855 1

0.2512765 0.9678408 0.01201552 0
-0.402533 0.1157813 -0.908054 0
-0.8802426 0.223336 0.4186809 0
1.367828 0.5315708 0.05703324 1

0.3309745 0.04608594 -0.9425136 0
0.0003530839 0.9988009 0.04896218 0
0.9436399 -0.01653801 0.3305613 0
1.408865 0.002676249 0.04746751 1

-0.3188683 0.04643247 -0.9466611 0
-0.0002332676 0.9987958 0.0490682 0
0.9477993 0.01586707 -0.3184732 0
1.529098 0.002670676 0.04772985 1

-0.2541645 0.9669278 0.02122743 0
0.3956865 0.1239865 -0.9099774 0
-0.8825148 -0.2228848 -0.4141134 0
1.571483 0.5315708 0.0570333 1

-1.172469E-06 -0.996629 -0.08203839 0
2.525707E-06 -0.08203836 0.996629 0
-0.9999999 9.844507E-07 2.551506E-06 0
1.469655 0.6402051 0.09478818 1

0.1826631 0.9490601 -0.2567471 0
-0.2993459 -0.1950569 -0.933994 0
-0.9364967 0.2474624 0.2484675 0
1.340588 0.4266517 0.05573069 1

-0.1797519 0.9464343 -0.2682369 0
0.2984831 -0.2073486 -0.931619 0
-0.937335 -0.2475246 -0.2452234 0
1.599036 0.4267504 0.05473213 1

-0.01220926 0.9749447 -0.2221119 0
0.9969695 -0.005197973 -0.07761808 0
-0.07682792 -0.2223865 -0.9719269 0
1.320192 0.3206823 0.08439833 1

0.01474631 0.9722423 -0.2335106 0
-0.9967333 -0.004252414 -0.08064923 0
-0.07940347 0.2339372 0.9690035 0
1.619107 0.3210742 0.08468273 1

-0.5415848 0.5704169 -0.6175034 0
0.7916037 0.5932759 -0.1462434 0
0.2829302 -0.5680212 -0.7728536 0
1.317382 0.2964557 0.1175974 1

-0.4401566 0.7714938 0.4594121 0
0.8208548 0.5531045 -0.142382 0
-0.3639497 0.3144402 -0.8767373 0
1.320849 0.2346693 0.07860343 1

-0.241868 0.9462025 -0.2149434 0
0.9666742 0.2158189 -0.137707 0
-0.08390996 -0.2410871 -0.9668694 0
1.323317 0.2298167 0.1135236 1

0.5445698 0.5621106 -0.6224748 0
-0.7900205 0.5929896 -0.155662 0
0.2816221 0.576537 0.7670031 0
1.621768 0.297234 0.1181727 1

0.4402017 0.7760185 0.4516832 0
-0.8193595 0.5529212 -0.1514194 0
-0.3672495 -0.3034359 0.8792349 0
1.618304 0.2350002 0.07989669 1

0.2443275 0.9431584 -0.2252911 0
-0.9658328 0.2159866 -0.143236 0
-0.08643425 0.2525901 0.9637048 0
1.61572 0.2305629 0.1148636 1

-2.67081E-06 -0.981685 -0.1905113 0
-1.406495E-06 -0.1905113 0.981685 0
-1 2.920628E-06 -8.940697E-07 0
1.469655 0.2738001 0.05335422 1

-9.886563E-07 -0.9925216 -0.1220685 0
2.485631E-06 -0.1220684 0.9925216 0
-1 7.086263E-07 2.565572E-06 0
1.469656 0.3261403 0.06340455 1

0.001567773 0.9958621 -0.09086539 0
-0.1378087 0.09021376 0.9863418 0
0.9904577 0.01097565 0.1373799 0
1.403836 0.2738002 0.05335423 1

-0.003613587 0.996052 -0.08869862 0
0.1492993 0.0882425 0.9848467 0
0.9887856 -0.009683847 -0.1490287 0
1.535475 0.2738 0.05335423 1

-9.886563E-07 -0.9925216 -0.1220684 0
2.485631E-06 -0.1220684 0.9925216 0
-1 7.086263E-07 2.565572E-06 0
1.469656 0.4572222 0.0794201 1

-0.1534849 0.8830851 0.4433998 0
-0.2490571 -0.4688019 0.8474641 0
0.9562496 0.019641 0.2918925 0
1.403634 0.1458744 0.0650266 1

0.1633301 0.8829193 0.4402012 0
0.2491931 -0.4686454 0.8475107 0
0.9545819 -0.02872895 -0.2965612 0
1.53594 0.1458498 0.06474825 1

0.9297339 0.3669087 0.03119229 0
-0.01287284 0.1170416 -0.9930437 0
-0.3680072 0.9228647 0.1135407 0
1.435837 0.5583565 0.05937322 1

0.0002344618 0.9987829 0.04932438 0
-0.3306723 -0.04647221 0.9426007 0
0.9437456 -0.01653122 0.3302589 0
1.421521 0.04296169 0.01335386 1

-0.000427013 0.9987955 0.04906726 0
0.3177176 -0.04638931 0.9470499 0
0.9481855 0.01599388 -0.317315 0
1.516905 0.0429565 0.01344823 1

-0.929733 0.3669105 0.03119221 0
0.01287316 0.1170417 -0.9930434 0
-0.3680091 -0.9228638 -0.1135409 0
1.503475 0.5583565 0.05937325 1

-9.006912E-07 -0.9781058 -0.2081081 0
2.340866E-06 -0.2081081 0.9781058 0
-1 4.24599E-07 2.454902E-06 0
1.469656 0.5898473 0.08417036 1

0.2512142 0.9678693 0.01098138 0
-0.4029917 0.1148997 -0.9079625 0
-0.8800507 0.2236676 0.4189077 0
1.367828 0.5315177 0.05709156 1

0.3306724 0.04647139 -0.9426008 0
0.0002347156 0.9987831 0.04932359 0
0.9437456 -0.0165312 0.330259 0
1.408876 0.002675056 0.04747259 1

-0.3177176 0.04638948 -0.9470499 0
-0.0004269606 0.9987954 0.04906738 0
0.9481855 0.01599387 -0.317315 0
1.529063 0.002672493 0.04774692 1

-0.254496 0.9668366 0.02141383 0
0.3952527 0.1241986 -0.9101371 0
-0.8826138 -0.2231625 -0.4137529 0
1.571484 0.5315175 0.05709159 1

-1.548465E-06 -0.9966133 -0.08223078 0
2.387927E-06 -0.08223075 0.9966133 0
-1 1.377641E-06 2.485018E-06 0
1.469656 0.6401432 0.09487164 1

0.182695 0.9489171 -0.2572528 0
-0.2973352 -0.1960774 -0.9344226 0
-0.9371309 0.2472046 0.2463241 0
1.340595 0.4265954 0.05590111 1

-0.179414 0.9459276 -0.2702433 0
0.2963896 -0.209963 -0.9317019 0
-0.9380639 -0.2472579 -0.2426929 0
1.599072 0.4267071 0.05477021 1

-0.01233892 0.9738181 -0.2269938 0
0.9972638 -0.004564049 -0.07378902 0
-0.07289314 -0.2272832 -0.971097 0
1.320196 0.3206421 0.08462521 1

0.01521621 0.9706875 -0.2398632 0
-0.9970043 -0.003464982 -0.07726851 0
-0.0758346 0.2403204 0.9677266 0
1.619105 0.3210874 0.08494483 1

-0.5397951 0.5667932 -0.6223883 0
0.7915611 0.5933519 -0.1461671 0
0.2864489 -0.5715584 -0.7689398 0
1.317283 0.2965775 0.1179332 1

-0.4426814 0.773313 0.4538949 0
0.8208376 0.5532302 -0.1419947 0
-0.3609147 0.3097154 -0.8796689 0
1.320961 0.234602 0.07925992 1

-0.2419946 0.9448771 -0.2205585 0
0.9669763 0.216121 -0.1350895 0
-0.07997575 -0.2459658 -0.9659737 0
1.3233 0.2299253 0.1142129 1

0.5431951 0.5573455 -0.627937 0
-0.7897734 0.5930058 -0.1568499 0
0.2849508 0.5811281 0.7622947 0
1.621849 0.2974615 0.1185797 1

0.4427245 0.7783519 0.4451552 0
-0.8191497 0.5530044 -0.152249 0
-0.3646761 -0.2972445 0.8824152 0
1.618175 0.2349854 0.08072019 1

0.244786 0.9413555 -0.2322271 0
-0.9660302 0.2163228 -0.1413867 0
-0.08285908 0.2589479 0.9623305 0
1.615703 0.2307783 0.1157237 1

-2.491995E-06 -0.9816849 -0.1905118 0
-1.525704E-06 -0.1905118 0.9816849 0
-1 2.741814E-06 -1.102686E-06 0
1.469655 0.2737396 0.05336615 1

-1.379939E-06 -0.9924931 -0.1223013 0
2.349127E-06 -0.1223013 0.992493 0
-1 1.087073E-06 2.420581E-06 0
1.469656 0.3260798 0.0634165 1

0.001777099 0.9957999 -0.09154129 0
-0.1378633 0.09091131 0.9862701 0
0.9904498 0.01086749 0.1374459 0
1.403836 0.2737396 0.05336615 1

-0.003840645 0.9959914 -0.0893688 0
0.1493536 0.08893846 0.9847758 0
0.9887766 -0.009565389 -0.1490964 0
1.535475 0.2737395 0.05336618 1

-1.379939E-06 -0.9924931 -0.1223013 0
2.349127E-06 -0.1223013 0.992493 0
-1 1.087073E-06 2.420581E-06 0
1.469656 0.4571579 0.07946281 1

-0.1537078 0.8826315 0.444225 0
-0.2489972 -0.469658 0.8470075 0
0.9562294 0.01958091 0.2919629 0
1.403607 0.1458218 0.06512535 1

0.1635709 0.8824643 0.4410235 0
0.2490157 -0.4695012 0.8470891 0
0.9545869 -0.02873734 -0.2965441 0
1.535969 0.1457971 0.06484628 1

0.9297341 0.3669011 0.03127835 0
-0.01287287 0.1172746 -0.9930162 0
-0.3680068 0.9228382 0.1137572 0
1.435837 0.5582969 0.05943966 1

0.0001643681 0.9987823 0.0493369 0
-0.3307325 -0.04650612 0.9425778 0
0.9437247 -0.01647225 0.3303222 0
1.42152 0.04296198 0.01335643 1

-0.0005758529 0.9987945 0.0490884 0
0.3175988 -0.04636419 0.947091 0
0.9482252 0.01613581 -0.3171891 0
1.516906 0.0429568 0.01345045 1

-0.9297329 0.3669036 0.03127816 0
0.01287329 0.1172747 -0.9930159 0
-0.3680095 -0.9228371 -0.1137575 0
1.503475 0.5582969 0.0594397 1

-1.278588E-06 -0.978057 -0.2083376 0
2.170779E-06 -0.2083376 0.978057 0
-1 8.030715E-07 2.309844E-06 0
1.469656 0.5897819 0.08424419 1

0.2511518 0.9678966 0.009962248 0
-0.4034435 0.1140307 -0.9078714 0
-0.8798616 0.2239942 0.4191304 0
1.367828 0.5314587 0.05715171 1

0.3307326 0.04616049 -0.9425949 0
0.0002788149 0.9987985 0.04901071 0
0.9437246 -0.01647222 0.3303222 0
1.408875 0.002674133 0.04747381 1

-0.3175988 0.04636405 -0.9470912 0
-0.0005758872 0.9987947 0.04908827 0
0.9482252 0.0161358 -0.3171891 0
1.529065 0.002673775 0.04774987 1

-0.2548219 0.9667467 0.02159179 0
0.3948324 0.1244036 -0.9102916 0
-0.8827078 -0.2234373 -0.4134038 0
1.571484 0.5314584 0.05715175 1

-1.613896E-06 -0.9965956 -0.08244562 0
2.504596E-06 -0.08244561 0.9965956 0
-1 1.406704E-06 2.549448E-06 0
1.469656 0.6400753 0.09495728 1

0.1827219 0.9487739 -0.2577621 0
-0.2953585 -0.1970931 -0.9348358 0
-0.9377508 0.246947 0.2442151 0
1.340602 0.4265335 0.05607174 1

-0.1790818 0.9454235 -0.27222 0
0.2943393 -0.2125347 -0.9317687 0
-0.9387726 -0.2469881 -0.2402143 0
1.599108 0.4266578 0.05481108 1

-0.01245186 0.9726853 -0.2317941 0
0.9975373 -0.003918819 -0.07003188 0
-0.06902735 -0.2320952 -0.9702409 0
1.3202 0.3205961 0.0848527 1

0.01566442 0.969119 -0.246095 0
-0.9972576 -0.002662063 -0.07396003 0
-0.07233117 0.2465787 0.9664196 0
1.619104 0.3210943 0.08520642 1

-0.5380188 0.5632033 -0.6271667 0
0.7915156 0.5934291 -0.1461002 0
0.2898948 -0.575017 -0.7650599 0
1.317186 0.2966915 0.1182668 1

-0.4451449 0.7750732 0.4484503 0
0.820816 0.5533576 -0.1416223 0
-0.3579211 0.3050527 -0.8825166 0
1.32107 0.2345317 0.07991078 1

-0.2421012 0.9435446 -0.2260773 0
0.9672614 0.2164336 -0.1325229 0
-0.07611056 -0.2507597 -0.9650529 0
1.323283 0.230028 0.1148947 1

0.5418302 0.5526278 -0.6332631 0
-0.7895285 0.5930199 -0.1580243 0
0.2882091 0.5856018 0.7576318 0
1.621928 0.2976797 0.118982 1

0.4451865 0.7805963 0.4387237 0
-0.8189406 0.5530869 -0.1530718 0
-0.3621396 -0.2911431 0.8854887 0
1.61805 0.2349684 0.08153381 1

0.2452206 0.9395382 -0.2390283 0
-0.9662145 0.2166724 -0.1395797 0
-0.07934961 0.2651806 0.9609279 0
1.615687 0.2309877 0.1165714 1

-2.730415E-06 -0.981685 -0.1905112 0
-1.287286E-06 -0.1905112 0.981685 0
-1 2.920628E-06 -8.34465E-07 0
1.469656 0.2736732 0.05337916 1

-1.056409E-06 -0.9924641 -0.122536 0
2.98227E-06 -0.122536 0.9924641 0
-1 6.779904E-07 2.998314E-06 0
1.469656 0.3260134 0.06342948 1

0.00200645 0.9957311 -0.09228025 0
-0.1379223 0.09167404 0.9861913 0
0.990441 0.01074876 0.1375175 0
1.403836 0.2736733 0.05337917 1

-0.004089014 0.9959245 -0.09010225 0
0.1494136 0.08970015 0.9846977 0
0.9887666 -0.009436067 -0.1491714 0
1.535475 0.2736731 0.05337916 1

-1.056409E-06 -0.9924641 -0.122536 0
2.98227E-06 -0.122536 0.9924641 0
-1 6.779904E-07 2.998314E-06 0
1.469656 0.4570878 0.07950678 1

-0.1539505 0.8821355 0.4451252 0
-0.2490104 -0.4705932 0.8464844 0
0.9561868 0.01947588 0.292109 0
1.403578 0.1457643 0.0652333 1

0.1638337 0.8819674 0.4419193 0
0.2489958 -0.4704389 0.8465747 0
0.9545472 -0.0286615 -0.2966797 0
1.536001 0.1457393 0.06495348 1

0.9297339 0.3668941 0.03136456 0
-0.0128735 0.1175094 -0.9929885 0
-0.3680071 0.9228112 0.1139756 0
1.435837 0.5582315 0.05950756 1

0.0001673402 0.9987808 0.0493654 0
-0.3309397 -0.0465284 0.9425041 0
0.9436519 -0.01649468 0.3305285 0
1.421519 0.0429623 0.01335946 1

-0.0006345498 0.9987948 0.04908644 0
0.3177757 -0.04634072 0.9470329 0
0.948166 0.01619941 -0.3173631 0
1.516908 0.04295693 0.01345326 1

-0.929733 0.3668958 0.03136546 0
0.01287266 0.1175095 -0.9929882 0
-0.3680092 -0.9228103 -0.1139755 0
1.503475 0.5582316 0.05950756 1

-1.011471E-06 -0.9780077 -0.2085689 0
2.82971E-06 -0.2085688 0.9780077 0
-1 3.940152E-07 2.88751E-06 0
1.469656 0.5897106 0.08431952 1

0.2510887 0.9679227 0.008957969 0
-0.4038883 0.1131739 -0.9077809 0
-0.8796753 0.2243154 0.4193493 0
1.367828 0.5313938 0.0572133 1

0.3309398 0.04652761 -0.9425042 0
0.0001675996 0.998781 0.04936461 0
0.9436518 -0.01649465 0.3305286 0
1.408866 0.002673656 0.04747293 1

-0.3177757 0.04634058 -0.947033 0
-0.0006345838 0.9987949 0.04908633 0
0.948166 0.0161994 -0.3173631 0
1.529076 0.002674818 0.04775054 1

-0.2551437 0.9666581 0.02176095 0
0.3944255 0.1246018 -0.910441 0
-0.8827968 -0.2237104 -0.4130662 0
1.571484 0.5313936 0.05721322 1

-1.518672E-06 -0.9965761 -0.08268144 0
2.520529E-06 -0.08268141 0.9965761 0
-1 1.300049E-06 2.546535E-06 0
1.469656 0.6400015 0.0950445 1

0.1827431 0.94863 -0.2582754 0
-0.2934172 -0.1981044 -0.9352333 0
-0.9383558 0.2466898 0.2421421 0
1.340609 0.4264657 0.05624219 1

-0.1787559 0.9449227 -0.2741663 0
0.2923335 -0.2150624 -0.9318203 0
-0.9394612 -0.2467166 -0.2377891 0
1.599143 0.4266026 0.05485421 1

-0.01254997 0.9715476 -0.2365119 0
0.9977913 -0.003262294 -0.06634662 0
-0.06523046 -0.2368221 -0.9693608 0
1.320204 0.3205444 0.08508047 1

0.01609168 0.96754 -0.2522043 0
-0.997494 -0.001846126 -0.0707259 0
-0.06889551 0.2527105 0.9650858 0
1.619102 0.321095 0.08546687 1

-0.5362582 0.559648 -0.6318396 0
0.7914672 0.5935077 -0.1460423 0
0.2932694 -0.5783968 -0.7612165 0
1.317091 0.2967977 0.1185978 1

-0.4475493 0.7767752 0.4430804 0
0.8207899 0.5534875 -0.1412642 0
-0.3549698 0.3004533 -0.8852821 0
1.321177 0.2344582 0.08055563 1

-0.2421902 0.9422062 -0.2314989 0
0.9675301 0.2167571 -0.130007 0
-0.07231445 -0.2554685 -0.9641093 0
1.323265 0.2301249 0.1155687 1

0.5404773 0.5479616 -0.6384531 0
-0.7892863 0.5930316 -0.1591858 0
0.2913955 0.5899585 0.7530188 0
1.622006 0.2978885 0.119379 1

0.447587 0.7827534 0.4323922 0
-0.8187327 0.5531681 -0.1538886 0
