MeshAnim
1
29
61
30
1 0 0 0
0 -1.192093E-07 -1 0
0 1 -1.192093E-07 0
0 0 0 1

0.03237903 -0.998762 0.03776533 0
0.004193395 -0.03764906 -0.9992824 0
0.9994667 0.03251416 0.002969166 0
0.02346219 0.9405456 -0.02402281 1

0.02190456 -0.9875574 -0.1557262 0
-0.004482937 0.1556649 -0.9877998 0
0.9997499 0.02233543 -0.001017383 0
0.01992669 1.048821 -0.01959674 1

-0.09836535 -0.9770467 0.1889557 0
0.2130312 -0.2061488 -0.9550501 0
0.9720811 -0.0536904 0.2284194 0
-0.06610109 0.9233471 -0.01843262 1

-0.01012687 0.9913053 -0.1311919 0
0.1637375 0.1310716 0.9777579 0
0.9864518 -0.01157941 -0.1636413 0
0.113919 0.9292054 -0.0178979 1

0.001955386 -0.9999853 -0.005071655 0
-0.009068299 0.005053699 -0.9999462 0
0.9999569 0.002001268 -0.009058285 0
0.01562174 1.241143 -0.02775068 1

0.01345595 -0.4490458 -0.8934076 0
0.1348197 0.8861442 -0.4433647 0
0.9907786 -0.1144831 0.07246416 0
-0.1079753 0.5073968 0.06200143 1

-0.09815945 -0.9772486 0.1880158 0
0.1200342 -0.1991753 -0.9725848 0
0.9879048 -0.07290009 0.1368542 0
-0.08783416 0.7074761 0.02331569 1

0.0734769 0.9438905 0.3219811 0
0.01467684 -0.3238422 0.9459974 0
0.9971888 -0.06478329 -0.03764825 0
0.1182287 0.5071837 0.03794692 1

-0.009968679 0.9914338 -0.1302299 0
0.06951067 0.1306084 0.9889944 0
0.9975312 0.0008065972 -0.07021722 0
0.1161565 0.7101839 0.01108794 1

-0.01780224 -0.9985644 -0.05052169 0
-0.01934548 0.0508642 -0.9985183 0
0.9996542 -0.0167985 -0.02022321 0
0.01532147 1.375236 -0.03127523 1

0.01171975 -0.4350516 -0.9003294 0
0.1401923 0.8922129 -0.4293048 0
0.9900548 -0.1211879 0.07144742 0
-0.10522 0.4154468 -0.1209397 1

0.1162313 -0.4382479 -0.8913078 0
0.1980732 0.8895919 -0.4115745 0
0.9732713 -0.1287063 0.1902036 0
-0.1025659 0.3268952 -0.2971194 1

0.0698776 0.9390879 0.3364981 0
0.01918499 -0.3385253 0.9407618 0
0.9973709 -0.05928247 -0.04167174 0
0.1031829 0.3139041 -0.02798487 1

0.03315684 0.998439 0.04494489 0
0.08029655 -0.04748539 0.9956394 0
0.9962192 -0.02940334 -0.08174568 0
0.08869262 0.1277697 -0.09147934 1

0.9249291 -0.05641103 0.3759307 0
0.3801315 0.1436339 -0.913712 0
-0.002452936 0.988022 0.1542949 0
-0.01984119 1.493148 0.002773901 1

-0.02659336 -0.9228545 -0.3842298 0
-0.01207904 0.3846342 -0.9229902 0
0.9995732 -0.01990429 -0.02137592 0
0.01833808 1.540406 -0.01936148 1

0.9199368 -0.05938635 -0.3875431 0
0.3735395 -0.167509 0.9123648 0
-0.1190991 -0.9840804 -0.1319146 0
0.05577234 1.491875 0.001243773 1

0.196675 0.8960897 -0.3979229 0
-0.1199511 0.4247916 0.8973096 0
0.9731035 -0.1287471 0.1910328 0
-0.1224715 0.133503 -0.3219126 1

0.07931872 -0.08028904 0.9936109 0
-0.03570985 -0.9963404 -0.0776589 0
0.9962093 -0.02932189 -0.08189556 0
0.09773929 0.01554615 0.06894293 1

0.1176768 0.9918598 0.04865064 0
-0.5115066 0.1025329 -0.8531402 0
-0.8511835 0.07550969 0.5194086 0
-0.1732948 1.477454 -0.01872335 1

-0.02640033 -0.9944357 -0.1019841 0
0.06325485 0.1001533 -0.9929595 0
0.9976479 -0.03266544 0.06025881 0
0.02076293 1.62748 0.01294781 1

0.09200162 -0.9930601 -0.07326465 0
-0.4010583 -0.1042997 0.9100959 0
-0.9114208 -0.05434703 -0.4078708 0
0.2060601 1.458013 -0.02162648 1

0.01667737 0.9243524 -0.3811758 0
0.1592701 -0.3788171 -0.9116638 0
-0.9870943 -0.04550571 -0.1535393 0
-0.2278035 1.179275 -0.0422613 1

0.1176768 0.9918598 0.04865064 0
-0.5115066 0.1025329 -0.8531402 0
-0.8511835 0.07550969 0.5194086 0
-0.1732948 1.477454 -0.01872335 1

0.09345977 -0.9422261 0.321676 0
0.1848814 0.3338949 0.9243017 0
-0.9783069 -0.02691329 0.2054059 0
0.251558 1.159249 -0.05493126 1

0.09200162 -0.9930601 -0.07326465 0
-0.4010583 -0.1042997 0.9100959 0
-0.9114208 -0.05434703 -0.4078708 0
0.2060601 1.458013 -0.02162648 1

0.04962647 0.926924 -0.3719537 0
0.8802338 0.1353821 0.4548195 0
0.4719387 -0.3499772 -0.8091912 0
-0.2295346 0.9485098 0.03727243 1

0.01667737 0.9243524 -0.3811758 0
0.1592701 -0.3788171 -0.9116638 0
-0.9870943 -0.04550571 -0.1535393 0
-0.2289045 1.07209 -0.003415603 1

0.03009611 -0.9790181 0.2015394 0
0.9347665 -0.04383885 -0.352547 0
0.353985 0.1990026 0.9138343 0
0.2716286 0.9247914 0.009920537 1

0.09345977 -0.9422261 0.321676 0
0.1848814 0.3338949 0.9243017 0
-0.9783069 -0.02691329 0.2054059 0
0.2612774 1.050254 -0.02292606 1

-0.8803178 0.4099477 -0.2387128 0
0.4738368 0.7840389 -0.4009517 0
0.02279087 -0.4660758 -0.8844516 0
-0.229956 0.8464174 0.1072499 1

-0.9108565 0.3445379 -0.2272328 0
0.3866228 0.9049727 -0.1776179 0
0.1444432 -0.2496377 -0.9575061 0
-0.2215284 0.834767 0.08407737 1

-0.914319 0.3696666 -0.1654318 0
0.301214 0.8937544 0.3323762 0
0.2707236 0.2540674 -0.9285251 0
-0.1927331 0.8413274 0.04771229 1

-0.9088014 0.3822443 -0.1672417 0
0.3484213 0.915799 0.1997892 0
0.2295278 0.1232981 -0.9654611 0
-0.2063697 0.8343435 0.06497764 1

-0.4666713 0.6409078 -0.6094717 0
0.420897 -0.4451386 -0.7903784 0
-0.7778587 -0.6253716 -0.06202293 0
-0.2229694 0.9164664 0.08632269 1

-0.8906407 -0.4526445 0.04327201 0
0.4425428 -0.8410136 0.311211 0
-0.1044755 0.2963267 0.9493556 0
0.2662409 0.8116115 0.05973666 1

-0.9215332 -0.3862465 0.0398813 0
0.3880684 -0.9196582 0.06026545 0
0.01339994 0.07101321 0.9973858 0
0.2611935 0.8043444 0.03394037 1

-0.9186793 -0.3943363 -0.02296332 0
0.3625634 -0.8187321 -0.4452254 0
0.1567675 -0.4173449 0.8951246 0
0.2370826 0.8172599 -0.004092424 1

-0.9105197 -0.4127659 0.02405772 0
0.386126 -0.8696786 -0.3075163 0
0.1478546 -0.2707101 0.9512393 0
0.2486152 0.8073249 0.01326039 1

-0.5207528 -0.7448639 0.4171268 0
0.302851 0.2956451 0.9060221 0
-0.7981841 0.5981403 0.07162488 0
0.2598414 0.8842591 0.05108305 1

-0.4751758 -0.8796322 -0.02134832 0
-0.6868341 0.3859734 -0.6158608 0
0.5499703 -0.2779793 -0.7875663 0
-0.1922124 0.8288409 0.1174848 1

-0.2450289 -0.9695164 7.086257E-05 0
-0.8946788 0.226087 -0.3852728 0
0.3735119 -0.09446643 -0.9228032 0
-0.1792612 0.8187791 0.09462182 1

-0.4565582 -0.8694418 -0.1887496 0
-0.880488 0.4719892 -0.04435948 0
0.1276556 0.145939 -0.9810233 0
-0.1600829 0.8281266 0.05361981 1

-0.4404945 -0.8853929 -0.1484746 0
-0.8818126 0.4577436 -0.1134818 0
0.1684391 0.08093853 -0.9823838 0
-0.1661081 0.8174093 0.07238679 1

-0.5297358 0.6801175 -0.5067748 0
0.434201 -0.2958079 -0.8508631 0
-0.7285945 -0.6707746 -0.1386078 0
-0.2049107 0.8916653 0.1099073 1

-0.5006325 0.8576493 0.1174949 0
-0.7477095 -0.4968149 0.4405743 0
0.4362313 0.1327138 0.8899944 0
0.2280501 0.7922039 0.06159111 1

-0.2723531 0.9515121 0.1429988 0
-0.9292516 -0.2986638 0.2174671 0
0.2496311 -0.07365399 0.9655362 0
0.2184345 0.7864206 0.03579138 1

-0.4978272 0.8206003 0.2806838 0
-0.8672581 -0.4731184 -0.1549925 0
0.005609799 -0.3205846 0.9472036 0
0.2042804 0.8031778 -0.004912758 1

-0.4726944 0.846756 0.2440585 0
-0.8771626 -0.478677 -0.03813596 0
0.08453334 -0.2321056 0.9690107 0
0.2082804 0.789038 0.01432607 1

-0.5496385 -0.7466552 0.3747052 0
0.3561568 0.1962941 0.9135764 0
-0.7556784 0.6355901 0.1580356 0
0.2396876 0.8554342 0.06722345 1

-0.5758635 -0.8060182 -0.1368089 0
-0.5859219 0.5235956 -0.6185013 0
0.5701557 -0.2760129 -0.7737831 0
-0.1760859 0.8586936 0.1182092 1

-0.3785385 -0.9255841 -0.001957169 0
-0.8513113 0.3489914 -0.3917589 0
0.3632886 -0.1466295 -0.9200661 0
-0.1703205 0.8541554 0.09461925 1

-0.1680811 -0.9649687 -0.2014571 0
-0.9703337 0.1979854 -0.1387631 0
0.1737875 0.1721569 -0.9696188 0
-0.1464517 0.8540849 0.05925516 1

-0.2585069 -0.9526814 -0.1599169 0
-0.9475567 0.2822723 -0.1498626 0
0.1879113 0.1127899 -0.9756886 0
-0.1507936 0.8481914 0.07754865 1

-0.4747509 0.6835396 -0.5544237 0
0.5121347 -0.2977594 -0.8056414 0
-0.7157724 -0.6664185 -0.208703 0
-0.183392 0.8640377 0.1304933 1

-0.6129778 0.7634294 0.203553 0
-0.643767 -0.6319514 0.4315115 0
0.4580639 0.1334662 0.8788429 0
0.2110614 0.8213074 0.0655789 1

-0.4036351 0.9070756 0.1195516 0
-0.8833466 -0.4203959 0.2072837 0
0.2382809 -0.02193851 0.9709487 0
0.2084961 0.8211399 0.04100909 1

-0.2156852 0.9125552 0.3474522 0
-0.9749979 -0.2207511 -0.02545745 0
0.05346912 -0.3442559 0.9373524 0
0.1894173 0.8276767 0.003467173 1

-0.2940714 0.9132304 0.2820159 0
-0.9499657 -0.3117751 0.01902173 0
0.1052967 -0.2623115 0.9592217 0
0.1918467 0.818477 0.02281116 1

-0.4985759 -0.7549512 0.4259945 0
0.4374033 0.2051775 0.8755463 0
-0.7483985 0.6228571 0.2279217 0
0.2173622 0.8251047 0.08244479 1

1 0 0 0
0 -1.192093E-07 -1 0
0 1 -1.192093E-07 0
0 0 0 1

0.02499253 -0.9991038 0.03416574 0
-0.01127091 -0.03445585 -0.9993428 0
0.9996241 0.02459103 -0.01212195 0
0.02505774 0.9512207 -0.02395201 1

0.01673771 -0.9868828 -0.1605691 0
-0.01345893 0.1603546 -0.9869678 0
0.9997693 0.01868068 -0.01059842 0
0.02245231 1.059506 -0.01913635 1

-0.114682 -0.9504167 0.289061 0
0.1904587 -0.3066187 -0.9325828 0
0.9749736 -0.05189626 0.2161788 0
-0.06454456 0.9347138 -0.01705456 1

-0.0008833371 0.9993458 0.03616921 0
0.1452406 -0.0356575 0.9887541 0
0.989396 0.006126642 -0.145114 0
0.1155039 0.939145 -0.01923799 1

0.006774327 -0.9999329 -0.00940824 0
-0.007665555 0.009356235 -0.999927 0
0.9999476 0.00684596 -0.00760166 0
0.01878143 1.251879 -0.02634454 1

-0.009508067 -0.5851144 -0.8108953 0
0.1343348 0.8028336 -0.5808725 0
0.9908904 -0.1144544 0.07096786 0
-0.1133653 0.5300996 0.1059965 1

-0.1144983 -0.9507176 0.2881432 0
0.0973051 -0.2993889 -0.9491565 0
0.9886464 -0.08063898 0.1267892 0
-0.08988266 0.7247265 0.04681126 1

0.08237695 0.9499756 0.3012666 0
-0.005566793 -0.3018507 0.9533395 0
0.9965857 -0.08021028 -0.01957719 0
0.1158785 0.5137015 -0.0346426 1

-0.0007433482 0.9993103 0.03714187 0
0.05080893 -0.03705618 0.9980212 0
0.9987082 0.002629015 -0.05074628 0
0.1156991 0.7183471 -0.02722931 1

-0.005662529 -0.9984989 -0.05448025 0
-0.006216135 0.05451521 -0.9984937 0
0.9999646 -0.005315335 -0.006515499 0
0.01784096 1.385983 -0.02928759 1

-0.01124923 -0.5723729 -0.8199165 0
0.1400575 0.8109835 -0.5680583 0
0.9900795 -0.1212256 0.07104217 0
-0.1153123 0.4102871 -0.06004867 1

0.1145053 -0.6404566 -0.7594105 0
0.1925062 0.7642535 -0.6155146 0
0.9745921 -0.07571154 0.2108029 0
-0.1171866 0.2949027 -0.219957 1

0.07847045 0.9455664 0.3158288 0
-0.001194771 -0.3167163 0.9485201 0
0.9969158 -0.07480813 -0.02372309 0
0.09901029 0.3191759 -0.09633268 1

0.03748536 0.9979597 0.05169581 0
0.08909108 -0.05486368 0.9945118 0
0.9953179 -0.03267398 -0.09096583 0
0.08276494 0.1318415 -0.1557423 1

0.9160762 -0.05104909 0.3977414 0
0.4007407 0.152486 -0.903413 0
-0.01453153 0.9869865 0.1601462 0
-0.01913478 1.503353 0.004712878 1

-0.01372095 -0.9208503 -0.3896752 0
-0.003681933 0.3897558 -0.9209111 0
0.999899 -0.01120101 -0.00873833 0
0.01880073 1.551129 -0.01671843 1

0.9303232 -0.04904415 -0.3634468 0
0.3514191 -0.1642432 0.9216993 0
-0.1048978 -0.9852001 -0.1355641 0
0.05650225 1.502949 0.00421958 1

0.2018707 0.716849 -0.6673652 0
-0.1051111 0.693315 0.7129279 0
0.9737555 -0.07377179 0.2153088 0
-0.1363488 0.1011928 -0.1971365 1

0.08796637 -0.08764248 0.9922609 0
-0.04032497 -0.9956193 -0.08436414 0
0.995307 -0.03259167 -0.09111513 0
0.09281778 0.01844746 0.003794745 1

0.1199195 0.9835764 0.1348968 0
-0.4848131 0.1765921 -0.8566048 0
-0.8663578 0.03732393 0.4980274 0
-0.1718892 1.486516 -0.02056663 1

-0.02173341 -0.9935531 -0.1112657 0
0.06996982 0.1095075 -0.9915203 0
0.9973123 -0.02933436 0.06713876 0
0.02006114 1.638036 0.01610398 1

0.08678682 -0.9962136 0.00516827 0
-0.4318022 -0.03294119 0.9013669 0
-0.8977832 -0.08045867 -0.4330264 0
0.2076951 1.470742 -0.01474231 1

0.04968038 0.969639 -0.2394422 0
0.145302 -0.2442044 -0.9587765 0
-0.9881393 0.01284099 -0.1530226 0
-0.2267907 1.191692 -0.07057346 1

0.1199195 0.9835764 0.1348968 0
-0.4848131 0.1765921 -0.8566048 0
-0.8663578 0.03732393 0.4980274 0
-0.1718892 1.486516 -0.02056663 1

0.07750642 -0.9025113 0.4236348 0
0.1740183 0.4306366 0.8855906 0
-0.9816875 0.005080883 0.1904305 0
0.2519872 1.170084 -0.02381227 1

0.08678682 -0.9962136 0.00516827 0
-0.4318022 -0.03294119 0.9013669 0
-0.8977832 -0.08045867 -0.4330264 0
0.2076951 1.470742 -0.01474231 1

0.1072643 0.9851459 -0.1340995 0
0.8843163 -0.03289014 0.465729 0
0.4544002 -0.1685425 -0.8747084 0
-0.2367676 0.9518626 -0.0262631 1

0.04968038 0.969639 -0.2394422 0
0.145302 -0.2442044 -0.9587765 0
-0.9881393 0.01284099 -0.1530226 0
-0.2317209 1.080024 -0.04810778 1

-0.003858596 -0.9450959 0.3267709 0
0.942422 -0.1127118 -0.3148606 0
0.3344046 0.3067412 0.8911142 0
0.2683298 0.9438875 0.06644819 1

0.07750642 -0.9025113 0.4236348 0
0.1740183 0.4306366 0.8855906 0
-0.9816875 0.005080883 0.1904305 0
0.2599441 1.065128 0.02000027 1

-0.8527817 0.5076571 -0.1226715 0
0.5222679 0.8286977 -0.2012386 0
-0.0005027708 -0.2356798 -0.9718308 0
-0.2437028 0.8359495 0.01658428 1

-0.8872587 0.4433684 -0.1272684 0
0.4412792 0.8962044 0.04572906 0
0.1343333 -0.01558739 -0.990814 0
-0.2358661 0.8298507 -0.008814714 1

-0.8895375 0.4527501 -0.06116547 0
0.352603 0.7654886 0.5382372 0
0.2905083 0.4572149 -0.8405714 0
-0.2065329 0.8433924 -0.0427384 1

-0.8832641 0.4650359 -0.05989272 0
0.4017641 0.8164914 0.4146424 0
0.2417253 0.3421757 -0.9080118 0
-0.2206575 0.8332168 -0.02758 1

-0.4240064 0.7973372 -0.4295028 0
0.3976293 -0.2621959 -0.8792866 0
-0.8137015 -0.5436058 -0.2058721 0
-0.2324051 0.9084458 0.0133823 1

-0.9042491 -0.4206135 0.07361197 0
0.4092539 -0.804491 0.4304715 0
-0.1218417 0.4193794 0.8995981 0
0.2582963 0.8382888 0.1302336 1

-0.9330976 -0.3544567 0.06074438 0
0.3594263 -0.9135893 0.1901782 0
-0.01191425 0.1992879 0.9798692 0
0.2537498 0.82787 0.1054442 1

-0.9287567 -0.3706906 -0.0004164936 0
0.3507376 -0.878401 -0.324646 0
0.1199773 -0.301663 0.9458361 0
0.2310763 0.8363526 0.06533695 1

-0.9224281 -0.3830721 0.04881626 0
0.3690255 -0.9116524 -0.1808599 0
0.1137859 -0.1488156 0.9822973 0
0.2418355 0.8284622 0.08417327 1

-0.55339 -0.6711635 0.4932542 0
0.2863294 0.4028154 0.8693426 0
-0.7821605 0.6223182 -0.03074046 0
0.2542469 0.9093407 0.1121028 1

-0.5270749 -0.8176571 -0.2315803 0
-0.659059 0.5653281 -0.4960304 0
0.5365014 -0.1088201 -0.8368545 0
-0.2071398 0.8141837 0.02184383 1

-0.3028667 -0.9236022 -0.2350145 0
-0.8773798 0.3665012 -0.3096494 0
0.3721256 0.1124143 -0.9213503 0
-0.1946939 0.8092766 -0.002908986 1

-0.5069766 -0.7678915 -0.3915588 0
-0.8502693 0.5200866 0.08094978 0
0.1414837 0.3739697 -0.9165859 0
-0.1747677 0.8272246 -0.04055421 1

-0.4921182 -0.7941524 -0.3565708 0
-0.8520752 0.5233157 0.01045922 0
0.1782926 0.3089722 -0.9342102 0
-0.1815273 0.8126149 -0.02492662 1

-0.4851523 0.8138779 -0.3197356 0
0.4202124 -0.1036643 -0.9014854 0
-0.766844 -0.5717143 -0.2917086 0
-0.2159975 0.8775915 0.03000265 1

-0.4785764 0.8779951 -0.009482882 0
-0.7736133 -0.4165229 0.4775268 0
0.4153163 0.2358691 0.8785665 0
0.2195222 0.8202546 0.1333889 1

-0.2484557 0.9685836 0.01077516 0
-0.9431411 -0.2444355 0.2252482 0
0.2208056 0.04580164 0.9742425 0
0.2104542 0.8114213 0.1082636 1

-0.4813252 0.8623442 0.1571263 0
-0.8760397 -0.4671877 -0.1195455 0
-0.02968172 -0.195189 0.9803169 0
0.1979142 0.8231146 0.06532191 1

-0.4544489 0.8828917 0.1182335 0
-0.8893035 -0.4573064 -0.003309049 0
0.05114748 -0.1066491 0.992981 0
0.2009731 0.8114906 0.08633596 1

-0.5811409 -0.6777073 0.4505429 0
0.3365031 0.3039683 0.8912743 0
-0.7409732 0.6695645 0.05140217 0
0.2328301 0.8833676 0.1311892 1

-0.6225312 -0.712132 -0.3245358 0
-0.5500433 0.6931356 -0.4658497 0
0.5566936 -0.1114973 -0.8232018 0
-0.189252 0.8419333 0.02970316 1

-0.4334809 -0.872635 -0.2249526 0
-0.8266675 0.4844386 -0.2862536 0
0.3587703 0.06187543 -0.9313734 0
-0.1836428 0.8429774 0.005666314 1

-0.2246996 -0.8744127 -0.4300157 0
-0.9559145 0.2834209 -0.0768183 0
0.1890461 0.3937969 -0.8995476 0
-0.1596312 0.8501511 -0.02886373 1

-0.3144456 -0.8673101 -0.385873 0
-0.9280525 0.3663462 -0.06715597 0
0.199608 0.3369934 -0.9201048 0
-0.1644181 0.8402246 -0.01252995 1

-0.429805 0.8255861 -0.3656168 0
0.497643 -0.1212774 -0.8588621 0
-0.7534056 -0.5510897 -0.3587218 0
-0.1962897 0.8445303 0.04299085 1

-0.5959265 0.7985841 0.08447289 0
-0.6734253 -0.5542726 0.4891638 0
0.4374593 0.2346194 0.8680922 0
0.2032819 0.8500484 0.1330678 1

-0.3802789 0.924809 -0.01080677 0
-0.9005249 -0.3675797 0.2322518 0
0.2108162 0.09805222 0.9725962 0
0.2013879 0.8467636 0.1086566 1

-0.1985724 0.9550299 0.2201983 0
-0.9799262 -0.1975272 -0.02698575 0
0.01772299 -0.2211366 0.9750822 0
0.1835438 0.84886 0.07001302 1

-0.2750812 0.9491973 0.1528251 0
-0.9587748 -0.2826227 0.02959828 0
0.07128654 -0.1383828 0.9878105 0
0.1851737 0.8421859 0.09044655 1

-0.5317669 -0.6805725 0.5040294 0
0.418986 0.3057971 0.8549504 0
-0.7359857 0.6658148 0.1225376 0
0.2092251 0.855839 0.1494911 1

1 0 0 0
0 -1.192093E-07 -1 0
0 1 -1.192093E-07 0
0 0 0 1

0.01554418 -0.9994003 0.03094948 0
-0.03251753 -0.03144212 -0.9989766 0
0.9993503 0.01452184 -0.03298676 0
0.02540081 0.9553465 -0.02393168 1

0.008960118 -0.9862758 -0.1648639 0
-0.02731583 0.1645676 -0.9859876 0
0.9995866 0.01333793 -0.0254664 0
0.02399753 1.063638 -0.0187715 1

-0.1182757 -0.9188803 0.3763911 0
0.1675718 -0.3920856 -0.9045379 0
0.9787393 -0.04391235 0.2003527 0
-0.0642008 0.9397262 -0.01520373 1

0.003388846 0.990085 0.1404308 0
0.14369 -0.1394564 0.9797478 0
0.989617 0.01685825 -0.1427379 0
0.1157984 0.9423437 -0.02114525 1

0.01074547 -0.9998416 -0.01419869 0
-0.01058606 0.01408496 -0.9998448 0
0.9998863 0.01089408 -0.01043304 0
0.02126799 1.256057 -0.02513176 1

-0.02245685 -0.7302237 -0.6828392 0
0.1321749 0.6748474 -0.7260243 0
0.990972 -0.1065584 0.08136228 0
-0.1145517 0.5485369 0.1450258 1

-0.1181145 -0.9192653 0.3755008 0
0.07416792 -0.3852586 -0.9198235 0
0.9902262 -0.08079441 0.1136846 0
-0.09033291 0.7367066 0.06795699 1

0.08734738 0.9326168 0.3501388 0
-0.01670486 -0.3500614 0.9365782 0
0.9960379 -0.0876567 -0.01499769 0
0.1143542 0.5208434 -0.08093627 1

0.003527309 0.9899473 0.1413946 0
0.04924015 -0.1413959 0.9887281 0
0.9987807 0.003474704 -0.04924386 0
0.1150496 0.7235919 -0.05217237 1

0.00632272 -0.9981987 -0.0596636 0
0.003653303 0.05968747 -0.9982106 0
0.9999733 0.006093401 0.004024108 0
0.01978281 1.390168 -0.02743219 1

-0.02422965 -0.7194444 -0.6941276 0
0.1380953 0.6852664 -0.7150804 0
0.9901225 -0.1131819 0.08274807 0
-0.1191501 0.3990106 0.005202321 1

0.06047936 -0.8046575 -0.5906513 0
0.1956581 0.589812 -0.7834796 0
0.9788055 -0.0681814 0.1931091 0
-0.123578 0.2550107 -0.1294534 1

0.08327267 0.9275035 0.3644221 0
-0.01241011 -0.3646986 0.9310432 0
0.9964496 -0.082053 -0.01885899 0
0.0964682 0.3298723 -0.1526339 1

0.0488915 0.9906369 0.1274707 0
0.09478579 -0.1316492 0.9867546 0
0.9942964 -0.03616153 -0.1003348 0
0.07924267 0.1459612 -0.221681 1

0.9071431 -0.04751426 0.4181312 0
0.4200355 0.162957 -0.8927571 0
-0.02571872 0.9854886 0.1677831 0
-0.01888719 1.50693 0.006777903 1

0.0009814138 -0.9188064 -0.3947077 0
0.00153568 0.3947089 -0.9188051 0
0.9999982 0.0002955489 0.001798364 0
0.0187229 1.555246 -0.01400574 1

0.936018 -0.03220297 -0.3504756 0
0.3409979 -0.1635276 0.9257317 0
-0.08712361 -0.9860132 -0.1420836 0
0.05675053 1.507389 0.007081829 1

0.1984397 0.5654129 -0.8005813 0
-0.05734573 0.8221242 0.5664131 0
0.9784341 -0.06648903 0.1955661 0
-0.148907 0.07306033 -0.06116035 1

0.097849 -0.09291972 0.9908543 0
-0.04835242 -0.9949001 -0.08852419 0
0.9940261 -0.03924824 -0.1018428 0
0.08904801 0.02060609 -0.07134386 1

0.1315574 0.9633158 0.2339142 0
-0.4460813 0.2682527 -0.8538457 0
-0.8852707 0.00798501 0.4650078 0
-0.1708931 1.489165 -0.02211948 1

-0.009496481 -0.9935188 -0.1132721 0
0.07358199 0.1122758 -0.9909492 0
0.9972439 -0.01774535 0.07203886 0
0.0186374 1.641982 0.01929152 1

0.0851007 -0.9938768 0.07047796 0
-0.452978 0.02440979 0.8911875 0
-0.8874506 -0.1077656 -0.4481269 0
0.2086937 1.477708 -0.009900803 1

0.06882729 0.9889655 -0.1311894 0
0.1626315 -0.1408647 -0.9765801 0
-0.9842836 0.04587988 -0.1705322 0
-0.2288714 1.201738 -0.1024962 1

0.1315574 0.9633158 0.2339142 0
-0.4460813 0.2682527 -0.8538457 0
-0.8852707 0.00798501 0.4650078 0
-0.1708931 1.489165 -0.02211948 1

0.05695111 -0.8441454 0.5330813 0
0.1630133 0.5346448 0.8292056 0
-0.9849789 0.03967524 0.1680556 0
0.2527225 1.177079 0.001191686 1

0.0851007 -0.9938768 0.07047796 0
-0.452978 0.02440979 0.8911875 0
-0.8874506 -0.1077656 -0.4481269 0
0.2086937 1.477708 -0.009900803 1

0.1208836 0.9926517 -0.005510194 0
0.8680677 -0.1030162 0.4856406 0
0.4815041 -0.06348917 -0.8741416 0
-0.2432599 0.958712 -0.08482258 1

0.06882729 0.9889655 -0.1311894 0
0.1626315 -0.1408647 -0.9765801 0
-0.9842836 0.04587988 -0.1705322 0
-0.2358955 1.088387 -0.09245007 1

-0.05280369 -0.8914563 0.45002 0
0.9486331 -0.1855511 -0.2562537 0
0.3119404 0.4133728 0.8554627 0
0.2642178 0.9635813 0.1189437 1

0.05695111 -0.8441454 0.5330813 0
0.1630133 0.5346448 0.8292056 0
-0.9849789 0.03967524 0.1680556 0
0.2583933 1.078249 0.05775302 1

-0.8434527 0.5304844 -0.08470205 0
0.5363957 0.8402949 -0.07864369 0
0.02945551 -0.111766 -0.9932982 0
-0.252697 0.8384402 -0.05715432 1

-0.8783604 0.4677521 -0.09844737 0
0.4479135 0.8773435 0.1721702 0
0.1669051 0.1071315 -0.9801357 0
-0.2440814 0.8354737 -0.08285821 1

-0.8827379 0.4687897 -0.03179483 0
0.3417603 0.6870307 0.6412406 0
0.3224509 0.5551807 -0.7666815 0
-0.2135155 0.8527712 -0.1138608 1

-0.876395 0.4807328 -0.02878716 0
0.3954622 0.7524812 0.5266711 0
0.2748497 0.4501876 -0.849582 0
-0.228229 0.8409642 -0.1005592 1

-0.4020565 0.850594 -0.3388823 0
0.4240397 -0.155053 -0.8922723 0
-0.8115057 -0.5024431 -0.2983454 0
-0.2406197 0.910606 -0.05084214 1

-0.9219788 -0.3765123 0.0905184 0
0.3612012 -0.7518894 0.5515401 0
-0.139602 0.5412037 0.8292226 0
0.2476941 0.8679898 0.1958176 1

-0.9477386 -0.311788 0.06767651 0
0.3163517 -0.8908226 0.3261248 0
-0.04139418 0.3304905 0.9429011 0
0.2436926 0.8544654 0.1724764 1

-0.9417095 -0.3362936 0.009485695 0
0.328583 -0.9254398 -0.188666 0
0.07222542 -0.1745517 0.9819955 0
0.2229031 0.8581837 0.1306601 1

-0.9377381 -0.3420938 0.06015914 0
0.340099 -0.9394926 -0.04107047 0
0.07056887 -0.01805334 0.9973437 0
0.2326262 0.8525653 0.1508273 1

-0.5972566 -0.579405 0.5545943 0
0.2684772 0.5071539 0.8189721 0
-0.7557808 0.6380325 -0.1473437 0
0.2470864 0.936025 0.1681711 1

-0.5267695 -0.7749343 -0.3492728 0
-0.6369448 0.6319618 -0.4415048 0
0.5628641 -0.01010372 -0.8264883 0
-0.216534 0.8156957 -0.05352271 1

-0.3035744 -0.8826206 -0.3589212 0
-0.8631712 0.4142664 -0.2886514 0
0.4034585 0.2221833 -0.8876127 0
-0.2033221 0.8137681 -0.0782899 1

-0.5009205 -0.7057512 -0.5009937 0
-0.8475654 0.5172145 0.1188399 0
0.1752497 0.4841541 -0.8572533 0
-0.1819932 0.8360307 -0.1127254 1

-0.4874753 -0.7363951 -0.4691384 0
-0.8470069 0.5292924 0.04929563 0
0.2120103 0.4213936 -0.8817481 0
-0.1894032 0.8196669 -0.09928389 1

-0.4666443 0.8540439 -0.2298973 0
0.4488316 0.004692452 -0.8936046 0
-0.7620983 -0.5201805 -0.3855116 0
-0.2250614 0.8776909 -0.0377285 1

-0.4435635 0.8840126 -0.1475604 0
-0.8067125 -0.3220744 0.4954624 0
0.3904692 0.3388078 0.856004 0
0.2081598 0.8518465 0.1996975 1

-0.2110475 0.9688214 -0.1297877 0
-0.9597588 -0.1802216 0.2153681 0
0.1852624 0.1700176 0.9678698 0
0.1997176 0.8399966 0.1756176 1

-0.4532393 0.8911787 0.01937114 0
-0.8882781 -0.449737 -0.09326706 0
-0.07440578 -0.05947927 0.9954528 0
0.1892786 0.8461739 0.1309988 1

-0.4241313 0.9053638 -0.02073738 0
-0.9055536 -0.4237641 0.01992055 0
0.009247407 0.02722772 0.9995866 0
0.1910855 0.8374091 0.1534928 1

-0.6235979 -0.5907503 0.5119962 0
0.3139226 0.410579 0.8560827 0
-0.7159457 0.6945786 -0.07058621 0
0.2239721 0.9136028 0.1896312 1

-0.6181021 -0.6572966 -0.4311747 0
-0.5277933 0.7534883 -0.3920338 0
0.5825673 -0.01474565 -0.8126491 0
-0.1986565 0.8419953 -0.0416691 1

-0.433966 -0.831565 -0.3466614 0
-0.8121569 0.527639 -0.2489965 0
0.3899687 0.1734873 -0.9043381 0
-0.1922452 0.8459735 -0.06519344 1

-0.2185371 -0.8103941 -0.5436026 0
-0.9501463 0.3036755 -0.07074004 0
0.222406 0.5010424 -0.8363569 0
-0.1670375 0.8571018 -0.09776758 1

-0.3096245 -0.8076818 -0.5017805 0
-0.9218425 0.3843485 -0.0498347 0
0.233109 0.4471324 -0.8635587 0
-0.1724553 0.8452687 -0.08297362 1

-0.4097013 0.8706735 -0.2721635 0
0.5246403 -0.01917457 -0.8511086 0
-0.7462561 -0.491488 -0.4489345 0
-0.2061056 0.8429982 -0.02838968 1

-0.567379 0.8220026 -0.04892296 0
-0.7124402 -0.4602266 0.5297369 0
0.4129291 0.335416 0.84675 0
0.1931075 0.8818448 0.1946909 1

-0.3435501 0.9269267 -0.1509348 0
-0.9222329 -0.3026276 0.2406317 0
0.1773707 0.2218659 0.9588093 0
0.1920162 0.8753475 0.1708817 1

-0.1697128 0.9821177 0.08150526 0
-0.9850993 -0.1667242 -0.04221901 0
-0.02787525 -0.08745601 0.9957783 0
0.1757466 0.8727801 0.1315773 1

-0.2437768 0.9697537 0.01230692 0
-0.9694177 -0.2440238 0.02611301 0
0.02832614 -0.00556485 0.9995835 0
0.1763402 0.8688857 0.1527718 1

-0.5764381 -0.58798 0.5674497 0
0.397734 0.4047307 0.8234079 0
-0.7138116 0.7003379 0.0005576931 0
0.1986424 0.8896064 0.2104294 1

1 0 0 0
0 -1.192093E-07 -1 0
0 1 -1.192093E-07 0
0 0 0 1

0.008251309 -0.9995532 0.02873373 0
-0.05892916 -0.02917083 -0.997836 0
0.9982281 0.006540173 -0.05914352 0
0.02572498 0.9545618 -0.02376246 1

0.001224243 -0.9858391 -0.1676906 0
-0.0459747 0.1674579 -0.9848068 0
0.9989418 0.008915141 -0.04511864 0
0.02533486 1.062851 -0.01837249 1

-0.1197964 -0.8882506 0.4434637 0
0.1443293 -0.4575168 -0.8774096 0
0.9822515 -0.04110569 0.1830094 0
-0.06374087 0.939646 -0.01271705 1

0.009235807 0.967136 0.2540934 0
0.1287983 -0.2531382 0.9588184 0
0.9916278 0.02387131 -0.1269034 0
0.1160562 0.9408259 -0.02336982 1

0.01317248 -0.9997357 -0.01885481 0
-0.01726782 0.01862619 -0.9996775 0
0.9997641 0.01349379 -0.01701789 0
0.02335623 1.255297 -0.02415433 1

-0.03181998 -0.8641158 -0.5022866 0
0.1132817 0.4961849 -0.8607951 0
0.9930533 -0.0842904 0.08209987 0
-0.1147393 0.5614959 0.1760669 1

-0.119658 -0.8886999 0.4426002 0
0.05069865 -0.4506912 -0.8912392 0
0.9915199 -0.08420471 0.09898468 0
-0.09020896 0.7433938 0.08526287 1

0.09722558 0.9154421 0.39053 0
-0.0439216 -0.3880602 0.9205872 0
0.9942928 -0.1066574 0.002478341 0
0.112123 0.5290963 -0.1315494 1

0.009359615 0.9668865 0.2550365 0
0.03421918 -0.255208 0.9662808 0
0.9993705 -0.0003169049 -0.03547468 0
0.1140156 0.7271445 -0.07950983 1

0.01422847 -0.9977309 -0.06580865 0
0.01055054 0.06596149 -0.9977666 0
0.9998431 0.01350234 0.01146514 0
0.02151756 1.389413 -0.0258298 1

-0.03388742 -0.8561272 -0.5156533 0
0.1193588 0.5087901 -0.8525764 0
0.9922727 -0.09043942 0.08494471 0
-0.121255 0.3845528 0.07321478 1

0.01419889 -0.9223622 -0.386066 0
0.1679746 0.382818 -0.9084246 0
0.985689 -0.05195069 0.1603689 0
-0.1275293 0.2141494 -0.02583613 1

0.09274164 0.9098248 0.4044979 0
-0.03978338 -0.4025384 0.9145386 0
0.9948952 -0.1009081 -0.001136128 0
0.09221418 0.341642 -0.2115179 1

0.06040442 0.9764274 0.207223 0
0.09747728 -0.2123801 0.9723135 0
0.9934031 -0.03853253 -0.1080081 0
0.07304069 0.1611177 -0.2885302 1

0.8984196 -0.04752442 0.4365594 0
0.437843 0.1732464 -0.8822016 0
-0.03370627 0.9837314 0.1764562 0
-0.01827544 1.505668 0.00881701 1

0.01453384 -0.9167116 -0.3992855 0
0.005214379 0.3993917 -0.9167657 0
0.9998808 0.01124208 0.01058478 0
0.01912405 1.554391 -0.01138736 1

0.9386198 -0.01821359 -0.3444721 0
0.3369031 -0.1660761 0.9267768 0
-0.07408861 -0.9859449 -0.149746 0
0.05735245 1.506687 0.009683751 1

0.167571 0.4129267 -0.895216 0
-0.01964548 0.9092744 0.4157339 0
0.9856642 -0.05207802 0.1604801 0
-0.1531016 0.05422254 0.08453105 1

0.1062426 -0.1009063 0.9892073 0
-0.05548173 -0.9938895 -0.09542508 0
0.9927911 -0.04474476 -0.1111918 0
0.08208939 0.02386658 -0.1489181 1

0.1459471 0.935791 0.3209285 0
-0.4083374 0.3524616 -0.8420402 0
-0.9010884 -0.008153752 0.4335591 0
-0.1695622 1.487515 -0.02342077 1

0.007984355 -0.9937867 -0.1110149 0
0.0751142 0.1113008 -0.9909442 0
0.9971429 -0.0004267734 0.07553616 0
0.01779379 1.640949 0.02234229 1

0.08449087 -0.9879678 0.1295428 0
-0.4700442 0.07511445 0.8794412 0
-0.8785896 -0.1351956 -0.458042 0
0.2097563 1.478989 -0.006502102 1

0.08693743 0.9953485 -0.04151756 0
0.2073862 -0.05884477 -0.9764878 0
-0.9743885 0.07628325 -0.2115374 0
-0.231433 1.209713 -0.1303512 1

0.1459471 0.935791 0.3209285 0
-0.4083374 0.3524616 -0.8420402 0
-0.9010884 -0.008153752 0.4335591 0
-0.1695622 1.487515 -0.02342076 1

0.03073502 -0.7653332 0.6429005 0
0.152559 0.6392601 0.7537063 0
-0.9878165 0.07491499 0.1364061 0
0.2537939 1.17959 0.02282551 1

0.08449087 -0.9879678 0.1295428 0
-0.4700442 0.07511445 0.8794412 0
-0.8785896 -0.1351956 -0.458042 0
0.2097563 1.478989 -0.006502102 1

0.1446708 0.9858853 0.08426737 0
0.8206717 -0.167131 0.5464116 0
0.5527826 -0.009894037 -0.833267 0
-0.2495792 0.966332 -0.134525 1

0.08693743 0.9953485 -0.04151756 0
0.2073862 -0.05884477 -0.9764878 0
-0.9743885 0.07628325 -0.2115374 0
-0.2402956 1.096046 -0.1305184 1

-0.1127132 -0.8151438 0.5681875 0
0.9504266 -0.2552271 -0.1776195 0
0.2898023 0.5200006 0.8035017 0
0.2590546 0.9837639 0.1684397 1

0.03073502 -0.7653332 0.6429005 0
0.152559 0.6392601 0.7537063 0
-0.9878165 0.07491499 0.1364061 0
0.256531 1.089213 0.09227396 1

-0.8201704 0.5610891 -0.1118046 0
0.5611409 0.8270217 0.03400309 0
0.1115436 -0.03484985 -0.9931486 0
-0.2642264 0.8446156 -0.1174817 1

-0.855269 0.5007191 -0.1334 0
0.4524622 0.8471031 0.2787376 0
0.2525726 0.1780371 -0.9510574 0
-0.2535192 0.8433989 -0.1425336 1

-0.8653002 0.4966919 -0.06747621 0
0.3020815 0.6241509 0.7205434 0
0.4000031 0.6031028 -0.6901193 0
-0.2200101 0.8621148 -0.169394 1

-0.8589532 0.508164 -0.0630017 0
0.3669308 0.6966552 0.6164688 0
0.3571577 0.5064005 -0.7848551 0
-0.2360852 0.8497636 -0.1583549 1

-0.351122 0.8863503 -0.3018232 0
0.4948997 -0.0979606 -0.8634111 0
-0.7948509 -0.4525346 -0.4042583 0
-0.2510063 0.9156656 -0.1044138 1

-0.9408306 -0.3253913 0.09464934 0
0.3018706 -0.6778182 0.6704006 0
-0.1539875 0.6593053 0.7359383 0
0.2348022 0.9008601 0.2570915 1

-0.9626361 -0.2637068 0.06157239 0
0.2614602 -0.845894 0.4648681 0
-0.07050505 0.4635976 0.8832368 0
0.231297 0.8842846 0.2357207 1

-0.9549979 -0.2965097 0.007826169 0
0.2960109 -0.9544082 -0.03850896 0
0.01888757 -0.03445915 0.9992281 0
0.2126518 0.8827316 0.1927722 1

-0.9536387 -0.2951253 0.05894803 0
0.3000439 -0.9475637 0.1099883 0
0.02339665 0.1225762 0.9921837 0
0.2211733 0.8797088 0.2140106 1

-0.6471965 -0.4714637 0.5990486 0
0.2522385 0.6091167 0.7518997 0
-0.7193837 0.6377299 -0.2752968 0
0.2384656 0.9642028 0.2201081 1

-0.513418 -0.7288303 -0.4529997 0
-0.5815539 0.6836892 -0.4408682 0
0.6310287 0.0370941 -0.7748722 0
-0.2290615 0.820559 -0.1126881 1

-0.2928602 -0.8422311 -0.4526373 0
-0.825168 0.4617819 -0.3253552 0
0.4830436 0.278218 -0.8302192 0
-0.2138315 0.8201637 -0.1363434 1

-0.4730471 -0.6488568 -0.5959963 0
-0.8419785 0.532126 0.08896376 0
0.2594202 0.5439 -0.7980441 0
-0.1891104 0.844378 -0.1669844 1

-0.4631119 -0.6822883 -0.5656949 0
-0.8351894 0.5495654 0.02090215 0
0.2966247 0.4821424 -0.8243501 0
-0.1980321 0.8272512 -0.1555638 1

-0.4246857 0.8832735 -0.1986723 0
0.5235365 0.06056709 -0.8498481 0
-0.7386149 -0.4649302 -0.4881479 0
-0.237419 0.8813667 -0.09273423 1

-0.3969894 0.8694572 -0.2940142 0
-0.8421811 -0.2177287 0.4932803 0
0.3648706 0.4434401 0.8186763 0
0.1944597 0.8869087 0.2611483 1

-0.1620468 0.9473084 -0.2763125 0
-0.9757 -0.1119667 0.1883452 0
0.147483 0.3001187 0.942432 0
0.1866305 0.8720471 0.238579 1

-0.4140694 0.9008412 -0.1305075 0
-0.901895 -0.4254085 -0.07492449 0
-0.123014 0.08668029 0.9886125 0
0.1785526 0.8721423 0.193052 1

-0.3825384 0.9080446 -0.170646 0
-0.9232418 -0.3828524 0.0323964 0
-0.03591478 0.1699403 0.9848002 0
0.1789281 0.8666333 0.2166227 1

-0.6720076 -0.487822 0.5571678 0
0.2916288 0.5172535 0.8046132 0
-0.6807045 0.7031923 -0.2053351 0
0.2134189 0.9459575 0.2432885 1

-0.5945713 -0.6024211 -0.5325168 0
-0.474148 0.797585 -0.372884 0
0.6493605 0.03078555 -0.7598578 0
-0.2116371 0.8452939 -0.09731422 1

-0.4225612 -0.7883118 -0.4472218 0
-0.775026 0.5701004 -0.272618 0
0.469869 0.2314105 -0.8518643 0
-0.2031455 0.8508953 -0.1198273 1

-0.1906453 -0.7584706 -0.6231994 0
-0.9330723 0.337261 -0.1250267 0
0.3050095 0.5576539 -0.7720047 0
-0.1749869 0.8637505 -0.1491902 1

-0.2848822 -0.7562342 -0.5890266 0
-0.904733 0.415153 -0.09542931 0
0.3167028 0.5057256 -0.8024597 0
-0.1819313 0.8509719 -0.1358966 1

-0.3639567 0.901393 -0.2345773 0
0.5948426 0.03114657 -0.8032391 0
-0.7167276 -0.4318808 -0.547523 0
-0.2201676 0.8454866 -0.08466385 1

-0.5278486 0.8268412 -0.1941913 0
-0.755758 -0.3529178 0.5516155 0
0.3875647 0.4379309 0.8111787 0
0.1809879 0.916413 0.2511719 1

-0.2951388 0.9077271 -0.2982032 0
-0.944798 -0.2307836 0.2325866 0
0.1423047 0.350387 0.9257317 0
0.1807171 0.906613 0.2284966 1

-0.1300077 0.9892362 -0.06715796 0
-0.9884543 -0.1346253 -0.06952967 0
-0.07782233 0.05734328 0.9953171 0
0.1661901 0.899037 0.1891557 1

-0.2012556 0.969815 -0.1376797 0
-0.9793679 -0.201851 0.009770508 0
-0.01831521 0.1368056 0.9904291 0
0.1656289 0.8982031 0.2106899 1

-0.6273931 -0.4788682 0.6140552 0
0.3765272 0.5036939 0.7775092 0
-0.6816198 0.7190119 -0.135707 0
0.1861227 0.9261422 0.2659217 1

1 0 0 0
0 -1.192093E-07 -1 0
0 1 -1.192093E-07 0
0 0 0 1

0.007640183 -0.999601 0.02719647 0
-0.08795856 -0.02776363 -0.9957373 0
0.9960948 0.005215456 -0.08813558 0
0.02697706 0.9508333 -0.02343618 1

-0.003191242 -0.9855517 -0.1693454 0
-0.06797236 0.1691684 -0.9832405 0
0.9976821 0.008373054 -0.06753015 0
0.02690015 1.059115 -0.01789793 1

-0.1246392 -0.8737653 0.4701059 0
0.1217772 -0.4836898 -0.8667264 0
0.9847006 -0.05077993 0.1666914 0
-0.06215126 0.9360287 -0.009813229 1

0.0178202 0.9329084 0.3596735 0
0.1025997 -0.3595378 0.9274732 0
0.994563 0.02037463 -0.1021231 0
0.1172616 0.9369699 -0.02568793 1

0.01370909 -0.9996055 -0.02451505 0
-0.02653586 0.02414501 -0.9993563 0
0.9995539 0.0143508 -0.0261944 0
0.0249188 1.251572 -0.02330788 1

-0.04178139 -0.9603837 -0.275532 0
0.07798259 0.2717969 -0.9591901 0
0.9960788 -0.061563 0.06353714 0
-0.1152116 0.5640449 0.1903129 1

-0.1245231 -0.8742402 0.4692529 0
0.02802071 -0.4758438 -0.8790835 0
0.9918209 -0.0963174 0.08375035 0
-0.08968936 0.7429768 0.09405309 1

0.1145959 0.8926035 0.4360361 0
-0.08318905 -0.4287634 0.8995789 0
0.9899229 -0.1393615 0.02512035 0
0.109674 0.5398124 -0.1788151 1

0.01791823 0.9325544 0.3605857 0
0.007851919 -0.3607636 0.9326246 0
0.9998085 -0.01387969 -0.01378654 0
0.1133243 0.7308509 -0.1051551 1

0.01458705 -0.9970714 -0.07507379 0
0.01454736 0.07528546 -0.997056 0
0.9997879 0.01345198 0.01560295 0
0.02296921 1.385694 -0.02422311 1

-0.04439699 -0.9558887 -0.2903549 0
0.08423297 0.2860247 -0.954513 0
0.9954566 -0.06683496 0.0678187 0
-0.1237671 0.3673893 0.1338928 1

0.03817644 -0.9893108 -0.1407368 0
0.1113516 0.1441741 -0.9832675 0
0.9930475 0.0218664 0.1156654 0
-0.1320058 0.178002 0.07955782 1

0.1095283 0.8864939 0.4495917 0
-0.07933462 -0.4430733 0.8929685 0
0.9908125 -0.1334735 0.02180061 0
0.08620825 0.3570348 -0.2681018 1

0.07705247 0.9451679 0.3173661 0
0.09700937 -0.3239093 0.9411019 0
0.9922963 -0.04172674 -0.1166481 0
0.06360935 0.1810142 -0.3540879 1

0.8908661 -0.05293245 0.4511718 0
0.4527867 0.1835602 -0.8725193 0
-0.03663252 0.9815824 0.1874946 0
-0.01697352 1.501618 0.01134883 1

0.02352412 -0.9137129 -0.4056791 0
0.008607247 0.4059616 -0.9138497 0
0.9996862 0.01800574 0.01741443 0
0.02050212 1.55053 -0.008249017 1

0.9400082 -0.01543815 -0.3408027 0
0.333058 -0.1747891 0.9265643 0
-0.07387313 -0.984485 -0.1591614 0
0.0586502 1.502633 0.01252853 1

0.1101915 0.1766234 -0.9780914 0
-0.04174797 0.984038 0.172994 0
0.9930332 0.02177084 0.1158063 0
-0.1456787 0.0506976 0.2279429 1

0.1155881 -0.1203857 0.9859755 0
-0.06573015 -0.99138 -0.11334 0
0.99112 -0.05170758 -0.1225046 0
0.07084101 0.02854446 -0.2311572 1

0.1587789 0.9048576 0.3949971 0
-0.3789132 0.4252836 -0.821924 0
-0.9117096 -0.01916549 0.4103882 0
-0.1676917 1.483889 -0.02366815 1

0.02692897 -0.9937599 -0.1082427 0
0.0756181 0.1099968 -0.9910513 0
0.9967732 0.01850289 0.07810834 0
0.0183496 1.636834 0.02608485 1

0.07993104 -0.9789144 0.1879839 0
-0.48799 0.1260141 0.8637052 0
-0.8691818 -0.1607711 -0.467628 0
0.2111077 1.475019 -0.003292437 1

0.1108349 0.9923851 0.05373914 0
0.2792627 0.02079526 -0.9599895 0
-0.9537967 0.1214078 -0.2748313 0
-0.2330667 1.216608 -0.1529847 1

0.1587789 0.9048576 0.3949971 0
-0.3789132 0.4252836 -0.821924 0
-0.9117096 -0.01916549 0.4103882 0
-0.1676917 1.483889 -0.02366815 1

0.00132159 -0.6810748 0.732213 0
0.1435812 0.7247559 0.6738797 0
-0.9896377 0.1042413 0.09874745 0
0.2539648 1.177779 0.04414674 1

0.07993104 -0.9789144 0.1879839 0
-0.48799 0.1260141 0.8637052 0
-0.8691818 -0.1607711 -0.467628 0
0.2111077 1.475019 -0.003292437 1

0.1679178 0.9751762 0.1443458 0
0.7272214 -0.2213935 0.6497186 0
0.6655471 -0.004127986 -0.7463444 0
-0.2559838 0.9751137 -0.1801265 1

0.1108349 0.9923851 0.05373914 0
0.2792627 0.02079526 -0.9599895 0
-0.9537967 0.1214078 -0.2748313 0
-0.2442908 1.103677 -0.163919 1

-0.1743899 -0.7216459 0.6699371 0
0.9463972 -0.3106958 -0.08832219 0
0.271884 0.618624 0.737146 0
0.2521903 1.001231 0.2126899 1

0.00132159 -0.6810748 0.732213 0
0.1435812 0.7247559 0.6738797 0
-0.9896377 0.1042413 0.09874745 0
0.2533966 1.09657 0.1241682 1

-0.7741604 0.5993547 -0.2035926 0
0.5810552 0.8004715 0.14704 0
0.2510991 -0.00446599 -0.9679511 0
-0.277463 0.8536112 -0.1703453 1

-0.8080432 0.5413471 -0.232401 0
0.4393098 0.8165305 0.3745473 0
0.3925224 0.2005544 -0.8976102 0
-0.263335 0.8528228 -0.1936584 1

-0.8275461 0.5354255 -0.1687822 0
0.2190315 0.5847527 0.7810825 0
0.5169072 0.6094131 -0.6011845 0
-0.2256511 0.8710223 -0.2147139 1

-0.8214798 0.5464495 -0.1629868 0
0.3007707 0.6580428 0.6903021 0
0.4844675 0.5180477 -0.7049243 0
-0.2435911 0.8589892 -0.206578 1

-0.2709122 0.9107122 -0.3117861 0
0.6093175 -0.08850974 -0.7879711 0
-0.7452109 -0.4034475 -0.5309343 0
-0.263599 0.9235222 -0.1526287 1

-0.9571564 -0.2758006 0.0882388 0
0.2401208 -0.5856392 0.7741895 0
-0.1618457 0.7622082 0.6267738 0
0.2201877 0.9326695 0.3106465 1

-0.9747151 -0.2187287 0.04570607 0
0.2027518 -0.7797341 0.5923739 0
-0.09393048 0.5866626 0.8043662 0
0.2170351 0.9133548 0.2916532 1

-0.9658512 -0.2590871 -0.00241545 0
0.2572023 -0.9598681 0.1118071 0
-0.03128624 0.1073679 0.9937274 0
0.200456 0.9063566 0.2484006 1

-0.9669277 -0.250494 0.04800494 0
0.2542787 -0.9321176 0.2578753 0
-0.0198499 0.2615535 0.9649854 0
0.2077981 0.9060917 0.270283 1

-0.6948404 -0.3587455 0.6232969 0
0.2406542 0.700744 0.6715984 0
-0.6777042 0.6166523 -0.4005716 0
0.2283051 0.989943 0.2653989 1

-0.4702382 -0.6896645 -0.5506716 0
-0.486502 0.7231646 -0.4902541 0
0.7363369 0.03736657 -0.6755822 0
-0.2442709 0.8279139 -0.1616163 1

-0.256401 -0.8123633 -0.5237606 0
-0.7522678 0.5079657 -0.4196008 0
0.6069205 0.2864221 -0.7413569 0
-0.2258388 0.8277023 -0.1828741 1

-0.4068605 -0.6064906 -0.6831063 0
-0.8255361 0.5642732 -0.009293296 0
0.3910948 0.560148 -0.7302598 0
-0.1960996 0.8519024 -0.2086867 1

-0.4026208 -0.6413679 -0.6531038 0
-0.8084319 0.583801 -0.07493407 0
0.4293427 0.4978199 -0.7535519 0
-0.207198 0.8347808 -0.1993574 1

-0.3585396 0.9071485 -0.2202988 0
0.6416317 0.06806484 -0.7639871 0
-0.6780552 -0.4152703 -0.606459 0
-0.2531157 0.8882806 -0.1405636 1

-0.3453362 0.832042 -0.434108 0
-0.8736146 -0.116025 0.472585 0
0.3428432 0.5424436 0.7669514 0
0.1791453 0.9208441 0.3144283 1

-0.1084738 0.9034252 -0.4147978 0
-0.9875578 -0.05014061 0.1490509 0
0.113858 0.4258048 0.8976232 0
0.171808 0.9032044 0.2937755 1

-0.36903 0.8869342 -0.2777861 0
-0.9142382 -0.4002074 -0.06327261 0
-0.1672906 0.2306133 0.9585573 0
0.1659691 0.8971038 0.248315 1

-0.335306 0.8872581 -0.3167703 0
-0.9389831 -0.3421063 0.03570423 0
-0.07669017 0.3094138 0.9478305 0
0.1649641 0.8949934 0.2724107 1

-0.7182465 -0.3800235 0.582842 0
0.2735375 0.6160014 0.7387289 0
-0.6397655 0.6900182 -0.3384898 0
0.2014146 0.9760594 0.2895176 1

-0.5343927 -0.5571584 -0.6356096 0
-0.3857408 0.8298736 -0.4031305 0
0.752083 0.02975062 -0.6583968 0
-0.228312 0.8513197 -0.1429276 1

-0.3834329 -0.7531557 -0.5345435 0
